inst/extdata/test_input_files/FES04_ArcAscIIGrid.asc
ncols         611
nrows         711
xllcorner     2405009.500
yllcorner     7565889.500
cellsize      1
nodata_value  -9999.0
[rows 30 to 59 of 711, columns 201 to 267 of 611]
218.231 218.219 218.209 218.203 218.201 218.2 218.198 218.191 218.179 218.162 218.145 218.132 218.126 218.126 218.131 218.138 218.146 218.152 218.158 218.165 218.172 218.182 218.193 218.207 218.225 218.245 218.268 218.291 218.313 218.333 218.352 218.369 218.386 218.403 218.419 218.432 218.443 218.452 218.461 218.472 218.484 218.497 218.509 218.519 218.526 218.527 218.524 218.517 218.509 218.5 218.491 218.481 218.473 218.465 218.455 218.441 218.421 218.394 218.362 218.326 218.289 218.253 218.219 218.186 218.154 218.123 218.092
218.186 218.176 218.168 218.163 218.16 218.159 218.157 218.151 218.139 218.124 218.109 218.1 218.097 218.101 218.109 218.118 218.126 218.133 218.138 218.145 218.152 218.162 218.173 218.186 218.202 218.219 218.239 218.26 218.28 218.299 218.317 218.335 218.351 218.366 218.38 218.392 218.403 218.414 218.426 218.44 218.455 218.468 218.48 218.488 218.493 218.494 218.491 218.486 218.48 218.475 218.469 218.463 218.457 218.45 218.44 218.427 218.407 218.38 218.348 218.312 218.275 218.239 218.205 218.173 218.142 218.111 218.08
218.154 218.148 218.142 218.139 218.136 218.135 218.133 218.128 218.12 218.11 218.099 218.094 218.093 218.099 218.107 218.115 218.122 218.126 218.13 218.135 218.142 218.151 218.161 218.173 218.185 218.2 218.215 218.232 218.25 218.267 218.283 218.299 218.313 218.325 218.337 218.347 218.359 218.373 218.39 218.407 218.424 218.437 218.447 218.453 218.456 218.456 218.454 218.452 218.45 218.448 218.445 218.442 218.437 218.431 218.422 218.409 218.39 218.366 218.336 218.302 218.266 218.231 218.197 218.165 218.134 218.103 218.071
218.142 218.139 218.137 218.135 218.134 218.133 218.132 218.129 218.125 218.119 218.113 218.109 218.108 218.111 218.117 218.122 218.125 218.128 218.13 218.134 218.14 218.149 218.158 218.167 218.178 218.189 218.201 218.214 218.228 218.243 218.257 218.27 218.282 218.292 218.302 218.313 218.326 218.343 218.361 218.38 218.397 218.409 218.417 218.421 218.423 218.423 218.423 218.423 218.424 218.424 218.424 218.422 218.418 218.413 218.405 218.394 218.378 218.357 218.33 218.299 218.266 218.231 218.197 218.165 218.133 218.102 218.069
218.141 218.142 218.143 218.143 218.143 218.142 218.141 218.139 218.136 218.133 218.128 218.123 218.121 218.12 218.122 218.124 218.126 218.128 218.13 218.134 218.14 218.148 218.156 218.164 218.173 218.182 218.191 218.202 218.214 218.226 218.238 218.249 218.26 218.27 218.28 218.292 218.306 218.323 218.341 218.358 218.373 218.384 218.391 218.395 218.397 218.399 218.401 218.403 218.405 218.407 218.408 218.407 218.405 218.401 218.395 218.386 218.373 218.355 218.33 218.301 218.268 218.233 218.199 218.166 218.134 218.102 218.068
218.138 218.14 218.143 218.144 218.144 218.143 218.14 218.137 218.134 218.13 218.124 218.119 218.115 218.113 218.113 218.115 218.118 218.12 218.123 218.128 218.133 218.14 218.148 218.155 218.163 218.171 218.179 218.188 218.198 218.208 218.219 218.23 218.241 218.252 218.263 218.277 218.292 218.307 218.322 218.336 218.348 218.357 218.365 218.371 218.376 218.381 218.385 218.389 218.392 218.394 218.396 218.396 218.395 218.392 218.387 218.38 218.367 218.349 218.325 218.294 218.261 218.226 218.191 218.159 218.127 218.095 218.061
218.123 218.126 218.128 218.129 218.128 218.124 218.12 218.116 218.11 218.105 218.1 218.096 218.093 218.093 218.095 218.099 218.102 218.106 218.109 218.112 218.117 218.123 218.129 218.135 218.142 218.15 218.159 218.167 218.175 218.185 218.195 218.206 218.218 218.231 218.245 218.26 218.274 218.288 218.3 218.31 218.319 218.328 218.337 218.346 218.355 218.363 218.37 218.376 218.379 218.381 218.383 218.383 218.382 218.38 218.374 218.365 218.35 218.33 218.304 218.273 218.239 218.204 218.171 218.139 218.109 218.078 218.045
218.099 218.1 218.101 218.101 218.098 218.093 218.087 218.081 218.076 218.072 218.069 218.067 218.068 218.071 218.075 218.08 218.084 218.087 218.089 218.09 218.093 218.097 218.101 218.107 218.114 218.123 218.132 218.141 218.149 218.158 218.168 218.18 218.193 218.208 218.224 218.239 218.253 218.264 218.273 218.28 218.288 218.296 218.307 218.318 218.33 218.342 218.35 218.357 218.36 218.363 218.363 218.363 218.361 218.356 218.348 218.336 218.319 218.297 218.27 218.239 218.206 218.173 218.142 218.113 218.084 218.055 218.024
218.075 218.074 218.073 218.07 218.066 218.06 218.055 218.05 218.046 218.045 218.044 218.046 218.05 218.054 218.06 218.064 218.066 218.067 218.066 218.066 218.067 218.069 218.073 218.078 218.086 218.095 218.105 218.116 218.125 218.134 218.144 218.156 218.169 218.185 218.201 218.217 218.229 218.238 218.245 218.25 218.256 218.264 218.275 218.289 218.302 218.315 218.324 218.331 218.334 218.336 218.336 218.335 218.331 218.324 218.314 218.299 218.281 218.259 218.233 218.203 218.173 218.143 218.115 218.087 218.06 218.033 218.002
218.055 218.053 218.05 218.048 218.044 218.039 218.035 218.032 218.031 218.032 218.034 218.037 218.04 218.044 218.047 218.049 218.049 218.048 218.046 218.045 218.045 218.047 218.05 218.056 218.064 218.074 218.085 218.097 218.107 218.117 218.126 218.137 218.15 218.165 218.181 218.195 218.206 218.213 218.218 218.221 218.226 218.234 218.245 218.258 218.272 218.285 218.294 218.3 218.304 218.305 218.305 218.303 218.298 218.29 218.279 218.264 218.246 218.225 218.201 218.174 218.147 218.119 218.093 218.066 218.04 218.012 217.981
218.042 218.039 218.037 218.035 218.032 218.03 218.028 218.028 218.029 218.031 218.033 218.035 218.036 218.036 218.036 218.035 218.033 218.031 218.03 218.029 218.03 218.032 218.036 218.041 218.049 218.06 218.072 218.083 218.094 218.104 218.113 218.123 218.134 218.148 218.163 218.175 218.185 218.191 218.193 218.196 218.2 218.208 218.219 218.232 218.245 218.257 218.266 218.271 218.275 218.276 218.276 218.274 218.269 218.261 218.249 218.235 218.218 218.198 218.176 218.152 218.127 218.101 218.075 218.048 218.02 217.991 217.959
218.034 218.031 218.029 218.028 218.028 218.028 218.029 218.031 218.033 218.034 218.035 218.033 218.031 218.028 218.025 218.023 218.021 218.019 218.019 218.019 218.02 218.023 218.026 218.032 218.04 218.05 218.062 218.073 218.083 218.092 218.101 218.11 218.12 218.133 218.145 218.157 218.165 218.17 218.173 218.175 218.18 218.188 218.199 218.212 218.225 218.236 218.243 218.248 218.25 218.251 218.25 218.248 218.243 218.234 218.223 218.208 218.191 218.173 218.152 218.129 218.105 218.08 218.053 218.026 217.998 217.967 217.936
218.029 218.026 218.024 218.024 218.026 218.028 218.03 218.032 218.034 218.034 218.032 218.028 218.024 218.019 218.015 218.012 218.011 218.01 218.011 218.012 218.014 218.016 218.019 218.025 218.032 218.042 218.053 218.064 218.073 218.081 218.089 218.098 218.108 218.119 218.13 218.14 218.148 218.153 218.157 218.161 218.167 218.176 218.188 218.2 218.212 218.222 218.228 218.23 218.23 218.229 218.227 218.223 218.217 218.208 218.195 218.18 218.163 218.145 218.125 218.103 218.079 218.054 218.027 218 217.972 217.943 217.912
218.025 218.023 218.022 218.022 218.024 218.026 218.028 218.03 218.029 218.028 218.024 218.02 218.015 218.01 218.006 218.004 218.003 218.003 218.005 218.007 218.008 218.01 218.013 218.018 218.025 218.034 218.044 218.055 218.064 218.072 218.08 218.089 218.098 218.108 218.117 218.126 218.134 218.14 218.146 218.152 218.159 218.17 218.182 218.194 218.204 218.212 218.215 218.215 218.213 218.208 218.203 218.197 218.19 218.179 218.166 218.151 218.134 218.115 218.096 218.074 218.051 218.025 217.999 217.973 217.948 217.922 217.895
218.026 218.023 218.022 218.023 218.024 218.025 218.025 218.025 218.023 218.02 218.016 218.012 218.007 218.003 217.999 217.997 217.996 217.997 218 218.002 218.004 218.006 218.008 218.012 218.018 218.027 218.037 218.048 218.057 218.066 218.075 218.084 218.093 218.101 218.109 218.117 218.124 218.131 218.139 218.147 218.156 218.166 218.178 218.188 218.196 218.201 218.202 218.199 218.194 218.187 218.18 218.172 218.163 218.152 218.139 218.124 218.107 218.089 218.07 218.05 218.027 218.003 217.978 217.955 217.932 217.91 217.887
218.03 218.027 218.026 218.026 218.026 218.025 218.023 218.021 218.017 218.013 218.009 218.005 218.001 217.997 217.993 217.99 217.989 217.99 217.993 217.996 217.999 218.001 218.003 218.007 218.013 218.021 218.031 218.042 218.052 218.062 218.072 218.082 218.091 218.098 218.105 218.112 218.118 218.126 218.135 218.144 218.153 218.162 218.171 218.179 218.185 218.187 218.186 218.181 218.174 218.166 218.158 218.149 218.14 218.129 218.116 218.102 218.086 218.069 218.052 218.033 218.012 217.99 217.967 217.946 217.926 217.906 217.885
218.034 218.031 218.029 218.028 218.027 218.024 218.02 218.015 218.01 218.005 218 217.997 217.993 217.988 217.984 217.98 217.978 217.979 217.982 217.987 217.992 217.995 217.998 218.002 218.008 218.016 218.025 218.036 218.046 218.057 218.069 218.08 218.09 218.097 218.103 218.108 218.114 218.122 218.13 218.139 218.148 218.154 218.16 218.165 218.167 218.167 218.165 218.16 218.154 218.147 218.139 218.131 218.122 218.112 218.1 218.086 218.071 218.056 218.04 218.023 218.003 217.983 217.962 217.943 217.925 217.906 217.885
218.032 218.029 218.027 218.025 218.022 218.017 218.011 218.004 217.997 217.991 217.986 217.983 217.979 217.974 217.97 217.966 217.964 217.965 217.969 217.976 217.983 217.988 217.993 217.998 218.003 218.011 218.019 218.029 218.039 218.051 218.063 218.076 218.086 218.094 218.1 218.104 218.109 218.116 218.124 218.132 218.138 218.141 218.143 218.145 218.145 218.143 218.141 218.138 218.134 218.129 218.123 218.117 218.108 218.098 218.087 218.073 218.059 218.044 218.029 218.012 217.994 217.975 217.956 217.938 217.92 217.902 217.881
218.023 218.02 218.017 218.014 218.01 218.004 217.997 217.988 217.98 217.974 217.969 217.965 217.962 217.959 217.955 217.952 217.951 217.954 217.959 217.967 217.976 217.984 217.99 217.996 218.001 218.007 218.015 218.023 218.033 218.044 218.057 218.069 218.08 218.089 218.093 218.097 218.101 218.107 218.113 218.119 218.123 218.124 218.123 218.122 218.12 218.119 218.118 218.117 218.115 218.112 218.108 218.102 218.094 218.084 218.072 218.059 218.045 218.029 218.014 217.998 217.98 217.963 217.946 217.929 217.912 217.894 217.874
218.011 218.008 218.005 218.002 217.997 217.991 217.984 217.976 217.967 217.96 217.955 217.952 217.949 217.947 217.945 217.945 217.946 217.95 217.956 217.964 217.973 217.982 217.99 217.995 218 218.006 218.012 218.02 218.029 218.039 218.05 218.061 218.071 218.079 218.083 218.086 218.089 218.094 218.099 218.103 218.105 218.105 218.103 218.1 218.098 218.097 218.097 218.098 218.097 218.095 218.09 218.084 218.075 218.065 218.053 218.04 218.025 218.011 217.996 217.98 217.965 217.949 217.934 217.92 217.904 217.887 217.867
218.003 217.999 217.997 217.994 217.99 217.985 217.979 217.972 217.964 217.956 217.95 217.946 217.943 217.942 217.943 217.945 217.949 217.953 217.959 217.965 217.973 217.981 217.988 217.994 217.998 218.003 218.008 218.015 218.022 218.031 218.04 218.049 218.058 218.064 218.068 218.07 218.073 218.077 218.081 218.084 218.086 218.085 218.082 218.079 218.077 218.077 218.078 218.079 218.078 218.075 218.069 218.06 218.05 218.039 218.028 218.016 218.004 217.991 217.978 217.965 217.953 217.94 217.928 217.915 217.901 217.884 217.865
218 217.996 217.994 217.992 217.99 217.987 217.983 217.976 217.968 217.959 217.951 217.945 217.941 217.94 217.942 217.946 217.95 217.954 217.958 217.962 217.967 217.973 217.978 217.982 217.986 217.99 217.994 218 218.006 218.013 218.021 218.029 218.037 218.043 218.047 218.05 218.053 218.056 218.059 218.061 218.061 218.06 218.058 218.057 218.056 218.057 218.059 218.059 218.057 218.053 218.045 218.035 218.023 218.012 218.002 217.993 217.984 217.975 217.965 217.955 217.944 217.934 217.924 217.912 217.898 217.882 217.863
218 217.997 217.995 217.994 217.993 217.991 217.987 217.979 217.97 217.959 217.948 217.939 217.934 217.933 217.935 217.939 217.943 217.946 217.947 217.948 217.949 217.952 217.955 217.957 217.959 217.962 217.966 217.97 217.976 217.983 217.991 217.999 218.008 218.016 218.022 218.025 218.027 218.029 218.03 218.03 218.03 218.029 218.029 218.03 218.032 218.034 218.037 218.038 218.037 218.032 218.024 218.012 218.001 217.99 217.981 217.975 217.968 217.961 217.953 217.943 217.934 217.924 217.913 217.901 217.887 217.87 217.85
217.999 217.996 217.994 217.993 217.992 217.988 217.982 217.973 217.961 217.948 217.935 217.924 217.917 217.915 217.917 217.921 217.924 217.926 217.925 217.923 217.923 217.923 217.923 217.923 217.924 217.925 217.928 217.932 217.939 217.946 217.955 217.966 217.977 217.986 217.993 217.996 217.998 217.997 217.996 217.995 217.994 217.994 217.996 218 218.005 218.011 218.016 218.019 218.019 218.015 218.007 217.997 217.985 217.974 217.966 217.959 217.953 217.945 217.935 217.924 217.913 217.902 217.891 217.879 217.864 217.846 217.825
217.993 217.99 217.987 217.985 217.982 217.976 217.968 217.957 217.943 217.928 217.913 217.901 217.893 217.891 217.892 217.896 217.899 217.901 217.9 217.898 217.896 217.895 217.895 217.894 217.893 217.893 217.895 217.9 217.907 217.916 217.926 217.938 217.95 217.96 217.967 217.97 217.97 217.967 217.964 217.961 217.96 217.961 217.966 217.974 217.982 217.99 217.997 218.001 218.003 218.001 217.994 217.984 217.972 217.96 217.951 217.942 217.934 217.923 217.91 217.897 217.884 217.873 217.862 217.85 217.834 217.816 217.796
217.983 217.978 217.974 217.97 217.965 217.958 217.949 217.936 217.922 217.906 217.892 217.88 217.872 217.869 217.87 217.873 217.877 217.879 217.879 217.879 217.878 217.878 217.879 217.879 217.878 217.878 217.88 217.884 217.891 217.9 217.911 217.923 217.935 217.944 217.949 217.951 217.949 217.945 217.94 217.936 217.935 217.938 217.945 217.955 217.965 217.973 217.98 217.984 217.986 217.984 217.977 217.967 217.955 217.943 217.932 217.922 217.911 217.898 217.884 217.87 217.858 217.848 217.838 217.826 217.81 217.791 217.772
217.967 217.96 217.955 217.951 217.946 217.939 217.93 217.918 217.905 217.891 217.878 217.867 217.86 217.856 217.855 217.857 217.86 217.864 217.867 217.869 217.871 217.874 217.876 217.878 217.879 217.879 217.88 217.883 217.889 217.897 217.907 217.918 217.928 217.936 217.94 217.94 217.937 217.932 217.926 217.921 217.92 217.924 217.932 217.942 217.951 217.957 217.961 217.963 217.963 217.959 217.953 217.943 217.931 217.919 217.908 217.898 217.887 217.875 217.862 217.85 217.84 217.831 217.822 217.809 217.793 217.773 217.753
217.945 217.937 217.931 217.927 217.923 217.919 217.913 217.904 217.894 217.883 217.872 217.862 217.854 217.849 217.846 217.846 217.849 217.853 217.858 217.863 217.868 217.872 217.876 217.879 217.882 217.882 217.882 217.884 217.887 217.894 217.902 217.911 217.919 217.926 217.929 217.929 217.925 217.919 217.913 217.908 217.908 217.911 217.919 217.927 217.933 217.936 217.936 217.934 217.93 217.926 217.919 217.909 217.898 217.887 217.878 217.87 217.861 217.85 217.84 217.83 217.822 217.814 217.803 217.789 217.771 217.75 217.729
217.917 217.907 217.901 217.898 217.897 217.896 217.893 217.888 217.881 217.873 217.863 217.854 217.845 217.838 217.834 217.832 217.833 217.838 217.845 217.851 217.857 217.863 217.867 217.871 217.873 217.874 217.873 217.873 217.874 217.877 217.882 217.889 217.896 217.902 217.905 217.905 217.902 217.897 217.892 217.888 217.887 217.891 217.896 217.902 217.904 217.903 217.899 217.894 217.888 217.882 217.874 217.864 217.855 217.846 217.839 217.831 217.823 217.814 217.805 217.796 217.788 217.779 217.767 217.751 217.732 217.71 217.688
217.882 217.872 217.866 217.865 217.865 217.866 217.865 217.863 217.859 217.852 217.843 217.833 217.825 217.817 217.811 217.809 217.811 217.816 217.823 217.83 217.836 217.84 217.843 217.846 217.848 217.848 217.847 217.845 217.843 217.843 217.844 217.848 217.854 217.86 217.864 217.865 217.864 217.861 217.857 217.854 217.854 217.856 217.86 217.862 217.861 217.857 217.85 217.842 217.834 217.826 217.818 217.809 217.8 217.792 217.785 217.777 217.768 217.758 217.749 217.74 217.732 217.722 217.709 217.693 217.674 217.653 217.632
