inst/extdata/test_input_files/FES04_ArcAscIIGrid.asc
ncols         611
nrows         711
xllcorner     2405009.500
yllcorner     7565889.500
cellsize      1
nodata_value  -9999.0
[rows 510 to 539 of 711, columns 0 to 66 of 611]
224.139 224.133 224.122 224.107 224.086 224.06 224.029 223.996 223.963 223.931 223.898 223.864 223.829 223.794 223.76 223.728 223.701 223.676 223.649 223.617 223.579 223.535 223.485 223.426 223.354 223.27 223.177 223.078 222.976 222.88 222.811 222.79 222.819 222.878 222.939 222.984 223.011 223.024 223.029 223.028 223.021 223.01 222.995 222.976 222.956 222.935 222.916 222.9 222.887 222.875 222.866 222.859 222.854 222.85 222.846 222.841 222.835 222.83 222.825 222.82 222.815 222.808 222.799 222.789 222.778 222.767 222.754
224.198 224.193 224.184 224.169 224.149 224.121 224.09 224.056 224.022 223.989 223.956 223.922 223.889 223.855 223.822 223.791 223.763 223.738 223.712 223.68 223.642 223.598 223.547 223.488 223.416 223.332 223.24 223.14 223.036 222.938 222.868 222.846 222.874 222.933 222.995 223.041 223.069 223.083 223.09 223.091 223.086 223.077 223.064 223.048 223.03 223.01 222.991 222.973 222.957 222.944 222.933 222.925 222.918 222.913 222.908 222.903 222.898 222.894 222.889 222.885 222.879 222.871 222.861 222.85 222.838 222.826 222.814
224.257 224.253 224.244 224.23 224.21 224.182 224.15 224.117 224.084 224.051 224.019 223.987 223.955 223.923 223.89 223.86 223.832 223.806 223.779 223.747 223.708 223.662 223.611 223.55 223.478 223.393 223.299 223.198 223.092 222.993 222.922 222.9 222.928 222.988 223.052 223.1 223.13 223.146 223.155 223.158 223.155 223.148 223.137 223.123 223.106 223.087 223.068 223.048 223.031 223.015 223.003 222.992 222.984 222.978 222.972 222.967 222.963 222.959 222.955 222.949 222.943 222.933 222.922 222.91 222.898 222.885 222.873
224.318 224.313 224.305 224.29 224.27 224.243 224.212 224.18 224.149 224.117 224.086 224.056 224.025 223.994 223.963 223.932 223.904 223.878 223.85 223.817 223.776 223.729 223.675 223.613 223.538 223.452 223.357 223.253 223.145 223.044 222.973 222.951 222.981 223.044 223.111 223.162 223.194 223.212 223.222 223.226 223.225 223.219 223.209 223.195 223.179 223.16 223.139 223.119 223.1 223.083 223.069 223.057 223.048 223.04 223.034 223.029 223.025 223.021 223.016 223.01 223.002 222.992 222.98 222.967 222.955 222.942 222.93
224.378 224.373 224.364 224.35 224.329 224.303 224.274 224.245 224.215 224.184 224.154 224.124 224.094 224.065 224.035 224.005 223.977 223.951 223.922 223.887 223.845 223.795 223.739 223.674 223.598 223.511 223.413 223.307 223.196 223.093 223.022 223.003 223.035 223.101 223.171 223.225 223.259 223.279 223.29 223.295 223.293 223.287 223.276 223.261 223.244 223.224 223.204 223.183 223.164 223.146 223.132 223.119 223.109 223.1 223.094 223.088 223.084 223.079 223.074 223.067 223.057 223.046 223.034 223.022 223.009 222.997 222.984
224.439 224.434 224.424 224.41 224.389 224.365 224.337 224.31 224.281 224.251 224.22 224.191 224.162 224.133 224.103 224.075 224.047 224.02 223.991 223.955 223.911 223.86 223.801 223.735 223.658 223.57 223.471 223.362 223.249 223.145 223.075 223.058 223.094 223.163 223.234 223.29 223.325 223.346 223.358 223.363 223.361 223.353 223.34 223.324 223.305 223.285 223.264 223.242 223.223 223.206 223.191 223.178 223.167 223.158 223.151 223.144 223.139 223.133 223.127 223.119 223.11 223.099 223.087 223.075 223.063 223.051 223.039
224.501 224.496 224.486 224.471 224.451 224.428 224.402 224.375 224.347 224.317 224.285 224.255 224.226 224.197 224.168 224.14 224.113 224.086 224.056 224.02 223.975 223.922 223.862 223.795 223.717 223.629 223.531 223.421 223.306 223.201 223.132 223.118 223.158 223.229 223.301 223.357 223.394 223.416 223.428 223.432 223.429 223.419 223.404 223.386 223.365 223.343 223.321 223.299 223.279 223.261 223.246 223.233 223.221 223.211 223.203 223.196 223.189 223.183 223.176 223.168 223.16 223.15 223.14 223.129 223.118 223.106 223.095
224.564 224.559 224.548 224.533 224.514 224.491 224.466 224.439 224.41 224.38 224.348 224.317 224.288 224.258 224.229 224.201 224.174 224.148 224.119 224.082 224.037 223.984 223.924 223.857 223.779 223.692 223.594 223.484 223.368 223.263 223.194 223.182 223.224 223.296 223.37 223.426 223.463 223.486 223.498 223.501 223.495 223.483 223.466 223.446 223.423 223.4 223.376 223.353 223.332 223.314 223.298 223.284 223.271 223.261 223.252 223.244 223.237 223.23 223.223 223.217 223.209 223.202 223.193 223.184 223.174 223.163 223.153
224.627 224.621 224.61 224.596 224.577 224.554 224.528 224.5 224.471 224.44 224.409 224.379 224.349 224.319 224.289 224.26 224.235 224.21 224.182 224.147 224.102 224.05 223.99 223.923 223.846 223.758 223.66 223.551 223.434 223.329 223.259 223.248 223.291 223.365 223.438 223.495 223.533 223.555 223.566 223.567 223.559 223.544 223.524 223.502 223.478 223.454 223.43 223.407 223.386 223.366 223.349 223.334 223.321 223.311 223.302 223.294 223.287 223.28 223.273 223.267 223.261 223.255 223.248 223.241 223.232 223.223 223.213
224.687 224.681 224.67 224.656 224.637 224.614 224.587 224.558 224.529 224.499 224.47 224.442 224.412 224.382 224.35 224.321 224.296 224.274 224.248 224.214 224.171 224.12 224.061 223.993 223.916 223.828 223.729 223.62 223.503 223.397 223.327 223.315 223.359 223.434 223.509 223.565 223.602 223.622 223.631 223.629 223.618 223.601 223.579 223.556 223.532 223.509 223.485 223.463 223.442 223.423 223.405 223.39 223.377 223.366 223.358 223.351 223.344 223.336 223.329 223.323 223.317 223.313 223.307 223.3 223.293 223.284 223.275
224.743 224.738 224.728 224.713 224.694 224.671 224.643 224.615 224.586 224.559 224.533 224.506 224.479 224.448 224.416 224.386 224.361 224.339 224.315 224.284 224.242 224.192 224.133 224.066 223.987 223.899 223.8 223.69 223.573 223.466 223.396 223.384 223.429 223.505 223.582 223.638 223.672 223.69 223.696 223.691 223.678 223.658 223.635 223.612 223.589 223.567 223.545 223.524 223.504 223.485 223.468 223.453 223.44 223.431 223.423 223.416 223.409 223.401 223.393 223.386 223.38 223.376 223.37 223.364 223.356 223.348 223.338
224.799 224.793 224.783 224.768 224.749 224.725 224.698 224.67 224.643 224.618 224.595 224.572 224.546 224.517 224.484 224.454 224.428 224.407 224.384 224.354 224.314 224.264 224.204 224.136 224.057 223.968 223.87 223.76 223.643 223.536 223.465 223.454 223.501 223.579 223.657 223.713 223.745 223.76 223.763 223.756 223.741 223.72 223.698 223.675 223.653 223.632 223.611 223.591 223.572 223.554 223.536 223.521 223.509 223.501 223.494 223.488 223.481 223.473 223.464 223.456 223.45 223.444 223.438 223.431 223.423 223.414 223.404
224.856 224.849 224.838 224.823 224.803 224.779 224.752 224.725 224.7 224.678 224.657 224.637 224.613 224.584 224.552 224.521 224.495 224.474 224.451 224.422 224.382 224.332 224.272 224.203 224.124 224.036 223.938 223.829 223.712 223.605 223.534 223.523 223.571 223.652 223.731 223.787 223.818 223.831 223.832 223.824 223.809 223.788 223.766 223.744 223.723 223.703 223.683 223.664 223.645 223.626 223.608 223.592 223.581 223.572 223.566 223.561 223.555 223.547 223.539 223.531 223.524 223.517 223.509 223.501 223.492 223.483 223.472
224.914 224.907 224.895 224.879 224.859 224.835 224.809 224.784 224.761 224.74 224.721 224.702 224.678 224.65 224.618 224.587 224.561 224.539 224.517 224.488 224.448 224.398 224.338 224.268 224.189 224.102 224.005 223.898 223.781 223.673 223.602 223.591 223.639 223.721 223.8 223.857 223.888 223.901 223.902 223.894 223.88 223.861 223.84 223.819 223.799 223.78 223.761 223.741 223.721 223.7 223.681 223.665 223.652 223.643 223.637 223.632 223.627 223.621 223.613 223.606 223.597 223.589 223.58 223.571 223.562 223.552 223.541
224.971 224.964 224.952 224.936 224.917 224.895 224.871 224.847 224.825 224.806 224.787 224.767 224.743 224.714 224.682 224.651 224.625 224.603 224.58 224.551 224.512 224.463 224.404 224.334 224.256 224.169 224.074 223.966 223.85 223.741 223.669 223.658 223.706 223.787 223.867 223.923 223.956 223.97 223.972 223.965 223.952 223.935 223.916 223.897 223.878 223.859 223.84 223.82 223.798 223.776 223.755 223.737 223.722 223.712 223.705 223.7 223.695 223.69 223.683 223.676 223.668 223.659 223.649 223.64 223.63 223.62 223.61
225.027 225.02 225.008 224.993 224.976 224.957 224.935 224.913 224.892 224.872 224.853 224.832 224.807 224.777 224.745 224.714 224.688 224.666 224.643 224.615 224.577 224.53 224.472 224.404 224.325 224.238 224.142 224.035 223.918 223.809 223.737 223.726 223.774 223.853 223.932 223.988 224.021 224.037 224.041 224.036 224.025 224.01 223.993 223.975 223.956 223.938 223.918 223.896 223.873 223.849 223.827 223.807 223.792 223.78 223.771 223.765 223.759 223.754 223.748 223.742 223.734 223.725 223.716 223.707 223.698 223.688 223.677
225.081 225.074 225.062 225.049 225.034 225.017 224.997 224.977 224.956 224.936 224.915 224.893 224.868 224.839 224.809 224.779 224.754 224.732 224.71 224.682 224.645 224.6 224.543 224.475 224.396 224.308 224.21 224.102 223.985 223.877 223.806 223.794 223.841 223.919 223.996 224.052 224.086 224.103 224.11 224.108 224.099 224.085 224.069 224.051 224.032 224.012 223.99 223.966 223.942 223.918 223.896 223.877 223.862 223.849 223.839 223.831 223.824 223.818 223.812 223.805 223.798 223.79 223.782 223.773 223.763 223.754 223.743
225.135 225.128 225.116 225.103 225.09 225.075 225.057 225.037 225.017 224.996 224.975 224.953 224.928 224.901 224.873 224.846 224.822 224.801 224.779 224.751 224.716 224.671 224.615 224.547 224.466 224.376 224.277 224.169 224.053 223.945 223.875 223.863 223.908 223.984 224.059 224.114 224.149 224.168 224.177 224.178 224.171 224.159 224.143 224.125 224.105 224.083 224.058 224.033 224.007 223.984 223.965 223.948 223.934 223.922 223.911 223.901 223.893 223.885 223.878 223.871 223.864 223.856 223.847 223.838 223.829 223.818 223.807
225.193 225.185 225.173 225.161 225.147 225.132 225.114 225.095 225.074 225.052 225.031 225.01 224.987 224.962 224.937 224.912 224.89 224.871 224.849 224.821 224.786 224.741 224.685 224.616 224.535 224.444 224.345 224.237 224.122 224.015 223.944 223.931 223.973 224.046 224.12 224.175 224.211 224.232 224.244 224.247 224.242 224.231 224.216 224.197 224.175 224.15 224.124 224.098 224.074 224.053 224.036 224.022 224.01 223.997 223.985 223.974 223.964 223.956 223.947 223.939 223.931 223.923 223.914 223.905 223.895 223.883 223.871
225.253 225.246 225.234 225.22 225.206 225.189 225.171 225.15 225.128 225.107 225.085 225.065 225.044 225.021 224.998 224.975 224.955 224.937 224.915 224.888 224.853 224.808 224.753 224.685 224.604 224.513 224.414 224.306 224.192 224.085 224.014 223.999 224.039 224.11 224.182 224.237 224.274 224.297 224.31 224.315 224.311 224.301 224.285 224.265 224.242 224.216 224.19 224.164 224.141 224.122 224.108 224.095 224.083 224.07 224.057 224.045 224.034 224.024 224.015 224.005 223.997 223.989 223.982 223.973 223.962 223.95 223.937
225.314 225.307 225.294 225.28 225.264 225.245 225.225 225.203 225.181 225.159 225.139 225.119 225.099 225.078 225.056 225.035 225.016 224.998 224.978 224.951 224.916 224.873 224.819 224.752 224.672 224.582 224.484 224.376 224.261 224.155 224.083 224.066 224.106 224.176 224.247 224.302 224.339 224.363 224.376 224.381 224.377 224.366 224.349 224.328 224.304 224.279 224.253 224.229 224.208 224.19 224.175 224.162 224.149 224.135 224.12 224.107 224.095 224.085 224.075 224.067 224.059 224.053 224.048 224.04 224.03 224.018 224.005
225.371 225.363 225.351 225.336 225.318 225.299 225.278 225.256 225.234 225.212 225.192 225.174 225.156 225.136 225.114 225.094 225.075 225.058 225.038 225.012 224.978 224.936 224.884 224.819 224.74 224.651 224.552 224.444 224.329 224.222 224.149 224.133 224.172 224.243 224.315 224.371 224.407 224.43 224.442 224.445 224.44 224.427 224.409 224.387 224.363 224.339 224.314 224.291 224.27 224.252 224.236 224.221 224.206 224.19 224.175 224.162 224.151 224.141 224.131 224.123 224.118 224.114 224.111 224.105 224.097 224.085 224.071
225.422 225.415 225.403 225.387 225.37 225.35 225.329 225.308 225.287 225.267 225.249 225.232 225.214 225.195 225.174 225.153 225.135 225.118 225.098 225.072 225.038 224.997 224.947 224.884 224.807 224.718 224.619 224.511 224.395 224.287 224.214 224.198 224.237 224.309 224.383 224.44 224.477 224.498 224.508 224.509 224.502 224.489 224.47 224.448 224.424 224.4 224.376 224.353 224.331 224.312 224.294 224.277 224.261 224.245 224.231 224.219 224.208 224.198 224.189 224.181 224.177 224.175 224.173 224.17 224.162 224.151 224.137
225.47 225.464 225.452 225.436 225.419 225.4 225.381 225.361 225.341 225.323 225.306 225.291 225.274 225.255 225.234 225.213 225.194 225.177 225.157 225.131 225.098 225.057 225.008 224.946 224.871 224.783 224.685 224.577 224.461 224.353 224.279 224.262 224.302 224.375 224.451 224.51 224.547 224.567 224.576 224.577 224.57 224.557 224.538 224.516 224.491 224.466 224.441 224.417 224.394 224.373 224.353 224.336 224.321 224.307 224.295 224.284 224.274 224.265 224.255 224.248 224.243 224.241 224.24 224.236 224.229 224.218 224.204
225.519 225.512 225.5 225.484 225.467 225.449 225.43 225.412 225.395 225.378 225.363 225.348 225.331 225.312 225.29 225.268 225.25 225.234 225.215 225.19 225.157 225.117 225.068 225.007 224.932 224.846 224.75 224.644 224.53 224.423 224.348 224.33 224.369 224.443 224.52 224.58 224.618 224.639 224.649 224.65 224.645 224.632 224.614 224.591 224.564 224.537 224.51 224.485 224.46 224.437 224.417 224.401 224.387 224.376 224.367 224.358 224.349 224.34 224.33 224.322 224.317 224.313 224.311 224.307 224.299 224.287 224.273
225.567 225.56 225.548 225.532 225.515 225.496 225.478 225.461 225.445 225.43 225.417 225.402 225.385 225.364 225.342 225.321 225.303 225.288 225.271 225.248 225.216 225.177 225.128 225.066 224.991 224.906 224.813 224.711 224.601 224.497 224.423 224.404 224.441 224.514 224.591 224.652 224.69 224.711 224.721 224.724 224.72 224.708 224.689 224.665 224.637 224.607 224.579 224.552 224.527 224.504 224.484 224.468 224.456 224.447 224.44 224.433 224.426 224.418 224.409 224.401 224.395 224.389 224.385 224.378 224.369 224.356 224.34
225.615 225.608 225.595 225.579 225.561 225.543 225.525 225.508 225.493 225.48 225.467 225.453 225.436 225.415 225.392 225.371 225.354 225.341 225.326 225.305 225.275 225.236 225.187 225.124 225.049 224.965 224.876 224.779 224.674 224.575 224.503 224.484 224.519 224.589 224.664 224.723 224.76 224.781 224.79 224.793 224.788 224.776 224.757 224.732 224.703 224.673 224.644 224.618 224.594 224.572 224.553 224.536 224.524 224.515 224.509 224.503 224.498 224.491 224.485 224.478 224.471 224.464 224.457 224.448 224.437 224.423 224.406
225.662 225.655 225.641 225.625 225.608 225.589 225.572 225.556 225.541 225.529 225.517 225.504 225.487 225.465 225.442 225.421 225.405 225.393 225.38 225.361 225.333 225.294 225.244 225.18 225.105 225.023 224.936 224.844 224.746 224.652 224.584 224.565 224.597 224.664 224.736 224.792 224.827 224.846 224.854 224.855 224.849 224.837 224.818 224.793 224.765 224.737 224.71 224.686 224.664 224.643 224.623 224.605 224.59 224.58 224.572 224.567 224.563 224.558 224.554 224.548 224.542 224.535 224.526 224.516 224.503 224.488 224.471
225.709 225.701 225.688 225.672 225.655 225.637 225.62 225.604 225.59 225.578 225.567 225.555 225.538 225.517 225.494 225.473 225.458 225.447 225.434 225.416 225.389 225.351 225.3 225.236 225.16 225.079 224.994 224.907 224.814 224.724 224.66 224.641 224.672 224.735 224.804 224.858 224.891 224.909 224.916 224.915 224.909 224.897 224.88 224.857 224.831 224.805 224.781 224.758 224.738 224.717 224.695 224.674 224.656 224.643 224.634 224.628 224.624 224.621 224.618 224.614 224.609 224.602 224.593 224.582 224.568 224.552 224.535
225.755 225.747 225.734 225.718 225.702 225.685 225.668 225.653 225.64 225.628 225.618 225.607 225.592 225.572 225.549 225.528 225.513 225.502 225.489 225.471 225.444 225.406 225.356 225.292 225.215 225.134 225.051 224.965 224.876 224.791 224.729 224.711 224.742 224.803 224.87 224.922 224.954 224.971 224.978 224.978 224.973 224.963 224.947 224.927 224.903 224.878 224.854 224.831 224.81 224.789 224.766 224.743 224.723 224.707 224.697 224.69 224.687 224.684 224.681 224.677 224.672 224.666 224.657 224.646 224.632 224.615 224.596
