inst/extdata/test_input_files/FES04_ArcAscIIGrid.asc
ncols         611
nrows         711
xllcorner     2405009.500
yllcorner     7565889.500
cellsize      1
nodata_value  -9999.0
[rows 270 to 299 of 711, columns 67 to 133 of 611]
215.207 215.187 215.168 215.149 215.131 215.112 215.092 215.07 215.046 215.02 214.995 214.971 214.949 214.928 214.91 214.893 214.877 214.862 214.847 214.833 214.82 214.809 214.797 214.782 214.761 214.734 214.701 214.668 214.639 214.622 214.621 214.633 214.655 214.679 214.699 214.711 214.716 214.715 214.71 214.701 214.691 214.681 214.673 214.666 214.657 214.646 214.633 214.621 214.612 214.607 214.604 214.603 214.601 214.597 214.591 214.585 214.58 214.578 214.576 214.573 214.567 214.559 214.551 214.542 214.535 214.528 214.522
215.255 215.239 215.222 215.204 215.187 215.167 215.146 215.122 215.098 215.073 215.05 215.028 215.007 214.987 214.969 214.952 214.937 214.921 214.907 214.893 214.88 214.866 214.849 214.826 214.794 214.756 214.715 214.677 214.651 214.641 214.649 214.673 214.704 214.734 214.758 214.772 214.777 214.776 214.77 214.76 214.746 214.734 214.723 214.714 214.705 214.694 214.684 214.674 214.666 214.662 214.661 214.659 214.656 214.651 214.643 214.636 214.63 214.625 214.621 214.616 214.609 214.6 214.591 214.582 214.574 214.568 214.561
215.289 215.275 215.261 215.246 215.229 215.21 215.188 215.165 215.141 215.119 215.099 215.08 215.062 215.044 215.027 215.01 214.994 214.978 214.964 214.951 214.937 214.92 214.896 214.863 214.821 214.774 214.728 214.69 214.669 214.668 214.686 214.716 214.752 214.783 214.807 214.82 214.826 214.825 214.818 214.806 214.791 214.776 214.764 214.754 214.746 214.737 214.728 214.72 214.714 214.71 214.708 214.705 214.7 214.693 214.685 214.676 214.669 214.663 214.658 214.653 214.646 214.638 214.629 214.62 214.612 214.604 214.597
215.31 215.298 215.286 215.271 215.254 215.236 215.216 215.195 215.174 215.156 215.14 215.126 215.11 215.094 215.077 215.06 215.043 215.028 215.014 215.002 214.987 214.966 214.936 214.894 214.844 214.791 214.744 214.711 214.697 214.704 214.728 214.761 214.795 214.823 214.843 214.854 214.859 214.858 214.852 214.84 214.824 214.809 214.796 214.787 214.781 214.776 214.769 214.762 214.756 214.752 214.749 214.744 214.737 214.729 214.721 214.713 214.706 214.701 214.697 214.693 214.688 214.681 214.672 214.664 214.655 214.646 214.636
215.324 215.313 215.299 215.284 215.268 215.251 215.234 215.217 215.201 215.188 215.176 215.164 215.151 215.136 215.119 215.101 215.084 215.069 215.056 215.045 215.029 215.005 214.968 214.918 214.862 214.808 214.765 214.739 214.734 214.748 214.774 214.804 214.832 214.854 214.868 214.876 214.88 214.879 214.873 214.862 214.848 214.833 214.822 214.816 214.813 214.81 214.806 214.801 214.795 214.79 214.785 214.778 214.771 214.763 214.756 214.75 214.745 214.742 214.741 214.739 214.735 214.73 214.722 214.714 214.704 214.692 214.679
215.336 215.323 215.308 215.292 215.277 215.262 215.249 215.237 215.226 215.216 215.207 215.197 215.186 215.171 215.153 215.135 215.117 215.102 215.09 215.079 215.062 215.034 214.99 214.935 214.876 214.823 214.786 214.77 214.774 214.793 214.82 214.846 214.866 214.88 214.887 214.892 214.893 214.892 214.887 214.877 214.865 214.852 214.844 214.84 214.84 214.841 214.839 214.834 214.827 214.82 214.813 214.807 214.8 214.793 214.788 214.785 214.783 214.783 214.783 214.783 214.781 214.776 214.77 214.761 214.749 214.735 214.718
215.348 215.333 215.317 215.301 215.286 215.274 215.264 215.256 215.249 215.242 215.235 215.226 215.215 215.2 215.181 215.162 215.144 215.129 215.117 215.106 215.086 215.053 215.004 214.944 214.884 214.836 214.808 214.802 214.816 214.84 214.867 214.888 214.9 214.905 214.906 214.905 214.904 214.903 214.898 214.889 214.879 214.87 214.865 214.864 214.866 214.868 214.867 214.861 214.853 214.844 214.836 214.829 214.824 214.819 214.816 214.815 214.815 214.816 214.818 214.818 214.816 214.811 214.804 214.794 214.781 214.765 214.747
215.36 215.345 215.329 215.313 215.299 215.289 215.281 215.276 215.271 215.266 215.259 215.25 215.238 215.223 215.205 215.185 215.167 215.152 215.14 215.127 215.104 215.065 215.01 214.947 214.888 214.847 214.829 214.836 214.859 214.889 214.914 214.931 214.936 214.933 214.926 214.92 214.916 214.913 214.91 214.904 214.896 214.891 214.889 214.891 214.895 214.897 214.895 214.887 214.877 214.867 214.858 214.851 214.847 214.844 214.842 214.841 214.841 214.841 214.842 214.84 214.837 214.83 214.822 214.811 214.798 214.781 214.762
215.373 215.359 215.344 215.33 215.317 215.308 215.302 215.297 215.293 215.288 215.28 215.27 215.258 215.242 215.224 215.205 215.188 215.174 215.162 215.146 215.117 215.071 215.011 214.946 214.892 214.861 214.856 214.874 214.906 214.938 214.962 214.973 214.971 214.961 214.949 214.939 214.933 214.93 214.928 214.926 214.922 214.92 214.921 214.924 214.928 214.929 214.926 214.917 214.906 214.895 214.886 214.88 214.875 214.872 214.869 214.866 214.864 214.862 214.859 214.855 214.848 214.84 214.83 214.818 214.805 214.788 214.77
215.388 215.375 215.362 215.349 215.338 215.329 215.322 215.317 215.312 215.305 215.296 215.285 215.272 215.257 215.24 215.223 215.207 215.194 215.18 215.159 215.125 215.073 215.01 214.948 214.902 214.882 214.891 214.919 214.955 214.987 215.006 215.011 215.004 214.991 214.977 214.966 214.96 214.958 214.958 214.959 214.959 214.959 214.96 214.963 214.965 214.964 214.958 214.948 214.936 214.926 214.919 214.913 214.908 214.903 214.898 214.892 214.886 214.88 214.873 214.865 214.857 214.846 214.835 214.823 214.809 214.793 214.776
215.402 215.389 215.376 215.364 215.353 215.344 215.336 215.329 215.321 215.313 215.303 215.291 215.279 215.265 215.251 215.236 215.221 215.206 215.189 215.164 215.125 215.07 215.009 214.954 214.92 214.913 214.932 214.966 215.002 215.03 215.044 215.045 215.036 215.023 215.011 215.002 214.997 214.997 214.998 214.999 215 215 214.999 214.999 214.997 214.993 214.985 214.974 214.963 214.955 214.949 214.944 214.939 214.932 214.923 214.913 214.903 214.893 214.884 214.874 214.864 214.853 214.841 214.829 214.815 214.8 214.785
215.409 215.394 215.38 215.367 215.356 215.346 215.337 215.328 215.319 215.309 215.299 215.288 215.278 215.266 215.253 215.238 215.223 215.206 215.185 215.155 215.114 215.061 215.006 214.963 214.942 214.948 214.974 215.009 215.042 215.064 215.074 215.073 215.066 215.057 215.049 215.043 215.04 215.039 215.039 215.038 215.037 215.034 215.031 215.026 215.02 215.012 215.002 214.991 214.982 214.975 214.971 214.967 214.961 214.951 214.939 214.926 214.914 214.903 214.893 214.883 214.873 214.862 214.851 214.838 214.825 214.812 214.8
215.407 215.388 215.372 215.358 215.346 215.335 215.325 215.315 215.306 215.296 215.287 215.277 215.268 215.257 215.244 215.229 215.212 215.192 215.167 215.136 215.095 215.048 215.003 214.972 214.963 214.977 215.006 215.04 215.068 215.086 215.094 215.095 215.092 215.088 215.085 215.081 215.078 215.075 215.072 215.068 215.064 215.058 215.051 215.043 215.033 215.023 215.012 215.001 214.993 214.987 214.984 214.981 214.975 214.964 214.951 214.937 214.924 214.914 214.904 214.895 214.886 214.876 214.866 214.854 214.843 214.832 214.822
215.4 215.379 215.36 215.345 215.332 215.32 215.31 215.3 215.29 215.28 215.271 215.263 215.254 215.243 215.229 215.213 215.194 215.172 215.147 215.115 215.078 215.038 215.003 214.982 214.982 215 215.028 215.057 215.08 215.095 215.104 215.107 215.109 215.109 215.109 215.107 215.104 215.1 215.094 215.088 215.081 215.072 215.063 215.053 215.041 215.03 215.019 215.01 215.003 214.999 214.997 214.995 214.99 214.98 214.967 214.954 214.943 214.933 214.925 214.916 214.908 214.9 214.89 214.88 214.871 214.862 214.854
215.394 215.372 215.353 215.337 215.323 215.311 215.301 215.29 215.28 215.27 215.261 215.252 215.243 215.232 215.218 215.202 215.183 215.162 215.138 215.109 215.076 215.042 215.014 215 215.003 215.02 215.045 215.068 215.086 215.098 215.105 215.11 215.114 215.117 215.118 215.118 215.116 215.111 215.105 215.098 215.09 215.08 215.07 215.059 215.049 215.039 215.03 215.022 215.017 215.016 215.017 215.017 215.014 215.006 214.996 214.985 214.975 214.966 214.957 214.949 214.942 214.934 214.926 214.918 214.91 214.903 214.897
215.394 215.374 215.355 215.339 215.326 215.314 215.303 215.292 215.282 215.272 215.263 215.254 215.245 215.234 215.221 215.206 215.19 215.171 215.151 215.126 215.097 215.068 215.045 215.034 215.036 215.049 215.067 215.083 215.095 215.102 215.106 215.109 215.112 215.115 215.117 215.118 215.117 215.114 215.108 215.102 215.094 215.085 215.075 215.066 215.057 215.05 215.045 215.041 215.04 215.043 215.047 215.051 215.051 215.046 215.038 215.029 215.02 215.01 215.001 214.993 214.986 214.979 214.972 214.966 214.959 214.954 214.948
215.401 215.383 215.366 215.351 215.338 215.327 215.316 215.306 215.296 215.287 215.279 215.272 215.264 215.254 215.242 215.228 215.214 215.2 215.184 215.164 215.141 215.116 215.096 215.084 215.084 215.091 215.101 215.109 215.113 215.114 215.113 215.113 215.113 215.114 215.116 215.117 215.116 215.113 215.11 215.105 215.099 215.092 215.084 215.077 215.072 215.069 215.067 215.068 215.072 215.079 215.087 215.095 215.098 215.096 215.09 215.082 215.072 215.062 215.053 215.044 215.037 215.031 215.025 215.02 215.014 215.009 215.004
215.415 215.399 215.383 215.369 215.357 215.346 215.336 215.327 215.319 215.312 215.306 215.3 215.293 215.284 215.272 215.26 215.249 215.238 215.228 215.215 215.198 215.179 215.161 215.148 215.143 215.143 215.145 215.145 215.142 215.137 215.132 215.128 215.126 215.124 215.124 215.123 215.122 215.119 215.116 215.114 215.11 215.107 215.102 215.099 215.096 215.096 215.099 215.104 215.112 215.122 215.134 215.144 215.149 215.149 215.144 215.137 215.128 215.118 215.108 215.099 215.091 215.085 215.08 215.074 215.069 215.065 215.06
215.435 215.42 215.405 215.391 215.378 215.367 215.358 215.35 215.343 215.338 215.334 215.329 215.322 215.312 215.301 215.289 215.28 215.274 215.27 215.265 215.257 215.244 215.229 215.216 215.206 215.199 215.193 215.187 215.179 215.171 215.163 215.156 215.152 215.148 215.145 215.142 215.138 215.135 215.133 215.132 215.132 215.132 215.132 215.132 215.132 215.135 215.14 215.148 215.159 215.171 215.183 215.193 215.199 215.199 215.195 215.189 215.181 215.171 215.162 215.152 215.145 215.138 215.132 215.127 215.122 215.117 215.113
215.461 215.445 215.429 215.414 215.4 215.388 215.378 215.37 215.364 215.359 215.354 215.349 215.342 215.332 215.32 215.309 215.301 215.3 215.303 215.306 215.307 215.302 215.29 215.276 215.261 215.248 215.237 215.227 215.218 215.208 215.2 215.192 215.185 215.179 215.174 215.169 215.165 215.161 215.159 215.16 215.163 215.167 215.17 215.173 215.176 215.18 215.187 215.197 215.208 215.22 215.23 215.238 215.241 215.241 215.237 215.232 215.225 215.217 215.208 215.199 215.191 215.185 215.179 215.173 215.168 215.163 215.159
215.489 215.471 215.454 215.438 215.423 215.409 215.397 215.387 215.379 215.372 215.366 215.359 215.352 215.342 215.331 215.321 215.315 215.317 215.325 215.336 215.344 215.344 215.335 215.32 215.303 215.286 215.272 215.261 215.252 215.243 215.235 215.226 215.218 215.211 215.204 215.199 215.195 215.192 215.191 215.194 215.198 215.204 215.209 215.214 215.22 215.226 215.234 215.243 215.253 215.262 215.268 215.272 215.273 215.27 215.266 215.262 215.256 215.25 215.243 215.235 215.228 215.222 215.216 215.21 215.204 215.199 215.195
215.516 215.498 215.481 215.463 215.446 215.43 215.415 215.402 215.391 215.381 215.373 215.365 215.358 215.349 215.34 215.331 215.327 215.329 215.339 215.353 215.365 215.369 215.363 215.348 215.33 215.312 215.298 215.287 215.278 215.27 215.262 215.253 215.244 215.236 215.23 215.227 215.224 215.223 215.224 215.226 215.23 215.236 215.243 215.25 215.257 215.265 215.274 215.282 215.289 215.294 215.297 215.297 215.295 215.291 215.287 215.283 215.279 215.274 215.268 215.262 215.255 215.249 215.243 215.237 215.231 215.226 215.221
215.541 215.524 215.507 215.488 215.469 215.45 215.433 215.418 215.404 215.392 215.381 215.373 215.367 215.361 215.354 215.346 215.341 215.342 215.35 215.362 215.374 215.38 215.375 215.363 215.345 215.329 215.315 215.304 215.296 215.288 215.28 215.271 215.262 215.256 215.251 215.25 215.25 215.251 215.251 215.254 215.258 215.263 215.271 215.279 215.288 215.298 215.307 215.314 215.319 215.321 215.32 215.318 215.314 215.311 215.307 215.303 215.3 215.296 215.29 215.284 215.276 215.269 215.263 215.257 215.252 215.248 215.244
215.563 215.548 215.531 215.511 215.491 215.471 215.453 215.436 215.421 215.408 215.397 215.389 215.384 215.38 215.374 215.367 215.36 215.357 215.359 215.368 215.377 215.382 215.379 215.369 215.355 215.34 215.327 215.317 215.309 215.301 215.293 215.285 215.277 215.272 215.269 215.27 215.271 215.273 215.274 215.277 215.281 215.288 215.297 215.307 215.318 215.329 215.339 215.346 215.35 215.35 215.347 215.344 215.34 215.336 215.333 215.329 215.326 215.321 215.314 215.306 215.297 215.289 215.282 215.277 215.274 215.272 215.27
215.58 215.567 215.551 215.533 215.513 215.493 215.475 215.458 215.444 215.431 215.421 215.413 215.407 215.403 215.398 215.39 215.381 215.373 215.371 215.374 215.38 215.384 215.383 215.375 215.364 215.352 215.34 215.331 215.322 215.315 215.307 215.3 215.294 215.289 215.287 215.288 215.29 215.292 215.295 215.299 215.306 215.316 215.327 215.34 215.353 215.365 215.375 215.382 215.384 215.383 215.379 215.374 215.37 215.366 215.363 215.36 215.355 215.35 215.341 215.332 215.321 215.312 215.306 215.304 215.303 215.302 215.301
215.594 215.583 215.569 215.553 215.535 215.517 215.499 215.484 215.47 215.458 215.448 215.439 215.433 215.428 215.422 215.413 215.402 215.392 215.386 215.386 215.39 215.393 215.392 215.387 215.379 215.37 215.36 215.351 215.343 215.335 215.328 215.322 215.316 215.312 215.31 215.309 215.311 215.313 215.317 215.324 215.335 215.347 215.361 215.376 215.39 215.403 215.414 215.419 215.421 215.418 215.412 215.406 215.401 215.396 215.393 215.39 215.386 215.379 215.371 215.36 215.35 215.342 215.338 215.337 215.338 215.338 215.336
215.607 215.598 215.587 215.573 215.558 215.541 215.525 215.51 215.498 215.486 215.475 215.465 215.458 215.451 215.444 215.435 215.424 215.414 215.407 215.406 215.408 215.41 215.41 215.408 215.403 215.398 215.39 215.382 215.373 215.364 215.356 215.35 215.345 215.34 215.338 215.337 215.337 215.339 215.344 215.353 215.365 215.38 215.395 215.411 215.426 215.439 215.449 215.454 215.454 215.449 215.442 215.434 215.428 215.423 215.42 215.417 215.413 215.408 215.4 215.391 215.383 215.377 215.375 215.376 215.377 215.377 215.373
215.622 215.614 215.604 215.593 215.579 215.564 215.549 215.536 215.523 215.511 215.499 215.489 215.48 215.472 215.465 215.457 215.447 215.438 215.433 215.431 215.433 215.435 215.436 215.436 215.435 215.432 215.426 215.418 215.408 215.398 215.389 215.382 215.377 215.374 215.371 215.369 215.368 215.37 215.375 215.383 215.395 215.409 215.425 215.44 215.455 215.467 215.477 215.482 215.481 215.475 215.467 215.459 215.452 215.448 215.445 215.443 215.44 215.436 215.43 215.423 215.417 215.413 215.413 215.414 215.415 215.413 215.408
215.639 215.631 215.623 215.612 215.6 215.586 215.572 215.558 215.545 215.533 215.521 215.509 215.5 215.492 215.486 215.479 215.471 215.463 215.459 215.458 215.46 215.463 215.465 215.466 215.467 215.465 215.46 215.452 215.441 215.43 215.421 215.415 215.411 215.408 215.406 215.404 215.403 215.403 215.407 215.414 215.424 215.437 215.45 215.463 215.476 215.488 215.497 215.503 215.503 215.498 215.491 215.484 215.478 215.475 215.472 215.47 215.468 215.464 215.46 215.455 215.45 215.448 215.448 215.449 215.449 215.446 215.44
215.659 215.65 215.641 215.63 215.619 215.606 215.592 215.579 215.566 215.553 215.54 215.529 215.519 215.512 215.506 215.5 215.494 215.488 215.485 215.484 215.486 215.489 215.491 215.493 215.494 215.493 215.488 215.48 215.469 215.459 215.451 215.445 215.443 215.441 215.44 215.438 215.437 215.437 215.439 215.444 215.452 215.462 215.473 215.483 215.493 215.503 215.513 215.52 215.523 215.521 215.516 215.511 215.507 215.504 215.502 215.5 215.497 215.493 215.488 215.484 215.48 215.478 215.478 215.478 215.478 215.475 215.469
