inst/extdata/test_input_files/FES04_ArcAscIIGrid.asc
ncols         611
nrows         711
xllcorner     2405009.500
yllcorner     7565889.500
cellsize      1
nodata_value  -9999.0
[rows 270 to 299 of 711, columns 268 to 334 of 611]
212.95 212.947 212.944 212.939 212.933 212.927 212.921 212.915 212.908 212.901 212.893 212.883 212.872 212.858 212.841 212.824 212.807 212.793 212.781 212.773 212.766 212.76 212.755 212.751 212.749 212.749 212.749 212.747 212.742 212.732 212.721 212.709 212.699 212.693 212.692 212.695 212.698 212.7 212.698 212.694 212.688 212.684 212.682 212.68 212.677 212.671 212.662 212.652 212.644 212.638 212.635 212.632 212.626 212.615 212.6 212.582 212.567 212.56 212.562 212.573 212.584 212.591 212.588 212.579 212.568 212.561 212.559
212.954 212.952 212.951 212.949 212.946 212.943 212.94 212.935 212.929 212.922 212.912 212.901 212.887 212.872 212.855 212.838 212.823 212.811 212.804 212.801 212.799 212.797 212.795 212.792 212.789 212.788 212.786 212.782 212.774 212.763 212.75 212.737 212.727 212.722 212.72 212.722 212.725 212.726 212.725 212.721 212.716 212.711 212.708 212.705 212.7 212.693 212.684 212.674 212.667 212.663 212.662 212.661 212.656 212.646 212.631 212.614 212.601 212.596 212.601 212.614 212.628 212.636 212.636 212.627 212.615 212.604 212.599
212.954 212.953 212.954 212.955 212.956 212.957 212.956 212.953 212.948 212.94 212.931 212.919 212.906 212.891 212.876 212.862 212.851 212.844 212.843 212.844 212.845 212.845 212.843 212.837 212.831 212.825 212.818 212.809 212.799 212.786 212.771 212.758 212.747 212.74 212.737 212.738 212.739 212.74 212.739 212.736 212.732 212.728 212.725 212.722 212.716 212.708 212.698 212.69 212.685 212.684 212.685 212.686 212.683 212.674 212.66 212.645 212.635 212.633 212.64 212.654 212.669 212.679 212.679 212.671 212.658 212.645 212.636
212.953 212.955 212.959 212.964 212.969 212.972 212.974 212.973 212.969 212.963 212.955 212.946 212.936 212.925 212.913 212.903 212.895 212.892 212.892 212.895 212.896 212.895 212.889 212.879 212.867 212.854 212.841 212.828 212.814 212.799 212.784 212.769 212.758 212.75 212.746 212.745 212.745 212.746 212.746 212.744 212.743 212.742 212.741 212.737 212.731 212.723 212.714 212.707 212.704 212.705 212.709 212.711 212.709 212.701 212.69 212.679 212.671 212.671 212.679 212.692 212.706 212.715 212.716 212.708 212.695 212.681 212.671
212.962 212.967 212.975 212.984 212.991 212.997 213 213.001 213 212.997 212.993 212.988 212.981 212.973 212.964 212.956 212.949 212.945 212.943 212.942 212.941 212.935 212.926 212.911 212.895 212.877 212.859 212.842 212.826 212.81 212.794 212.78 212.768 212.759 212.755 212.755 212.756 212.758 212.759 212.76 212.762 212.764 212.764 212.761 212.755 212.747 212.739 212.733 212.732 212.734 212.739 212.741 212.74 212.734 212.725 212.717 212.712 212.713 212.719 212.73 212.74 212.746 212.746 212.738 212.726 212.714 212.704
212.987 212.997 213.008 213.019 213.029 213.036 213.04 213.042 213.043 213.044 213.043 213.041 213.037 213.03 213.021 213.011 213.001 212.993 212.986 212.98 212.974 212.965 212.953 212.937 212.918 212.898 212.879 212.86 212.844 212.828 212.813 212.799 212.787 212.779 212.776 212.777 212.78 212.783 212.787 212.79 212.793 212.796 212.797 212.796 212.791 212.783 212.776 212.771 212.77 212.773 212.777 212.779 212.778 212.774 212.767 212.761 212.758 212.758 212.762 212.768 212.773 212.776 212.773 212.766 212.755 212.745 212.738
213.029 213.042 213.055 213.067 213.076 213.083 213.087 213.09 213.092 213.095 213.096 213.095 213.091 213.083 213.072 213.058 213.044 213.031 213.019 213.009 212.999 212.989 212.976 212.961 212.943 212.925 212.906 212.889 212.873 212.858 212.844 212.83 212.818 212.811 212.809 212.811 212.816 212.821 212.825 212.828 212.832 212.835 212.836 212.836 212.832 212.826 212.82 212.816 212.815 212.817 212.82 212.822 212.821 212.818 212.813 212.809 212.806 212.805 212.806 212.807 212.808 212.806 212.801 212.792 212.783 212.775 212.772
213.076 213.089 213.103 213.114 213.123 213.129 213.133 213.136 213.138 213.141 213.143 213.142 213.137 213.127 213.113 213.096 213.078 213.061 213.047 213.034 213.023 213.012 213.001 212.987 212.972 212.956 212.94 212.924 212.909 212.895 212.881 212.868 212.857 212.85 212.848 212.851 212.856 212.861 212.866 212.869 212.871 212.872 212.873 212.873 212.871 212.867 212.863 212.86 212.86 212.861 212.863 212.864 212.864 212.862 212.859 212.856 212.853 212.851 212.848 212.846 212.842 212.837 212.83 212.821 212.812 212.807 212.806
213.118 213.132 213.145 213.156 213.164 213.169 213.172 213.175 213.177 213.18 213.181 213.179 213.173 213.161 213.144 213.125 213.105 213.087 213.072 213.059 213.048 213.037 213.026 213.014 213.002 212.988 212.973 212.958 212.944 212.93 212.917 212.904 212.893 212.887 212.886 212.889 212.894 212.9 212.904 212.907 212.907 212.907 212.906 212.906 212.906 212.905 212.903 212.901 212.901 212.901 212.902 212.903 212.903 212.902 212.901 212.899 212.895 212.891 212.886 212.88 212.874 212.867 212.858 212.85 212.842 212.839 212.841
213.157 213.17 213.182 213.193 213.201 213.205 213.208 213.21 213.212 213.213 213.213 213.209 213.201 213.187 213.169 213.148 213.129 213.111 213.096 213.084 213.072 213.062 213.051 213.04 213.029 213.017 213.003 212.989 212.974 212.96 212.947 212.935 212.925 212.92 212.92 212.924 212.93 212.936 212.94 212.942 212.941 212.939 212.937 212.938 212.939 212.939 212.939 212.938 212.937 212.937 212.937 212.937 212.938 212.938 212.937 212.935 212.93 212.924 212.917 212.91 212.903 212.895 212.888 212.881 212.876 212.875 212.88
213.199 213.212 213.224 213.233 213.24 213.244 213.246 213.246 213.246 213.244 213.241 213.234 213.222 213.207 213.187 213.167 213.148 213.132 213.118 213.106 213.096 213.085 213.075 213.065 213.055 213.044 213.032 213.018 213.003 212.989 212.976 212.964 212.956 212.952 212.952 212.957 212.963 212.97 212.975 212.976 212.974 212.972 212.971 212.971 212.973 212.975 212.975 212.974 212.972 212.969 212.968 212.968 212.969 212.969 212.969 212.967 212.962 212.955 212.946 212.939 212.932 212.927 212.922 212.918 212.916 212.918 212.924
213.249 213.261 213.271 213.279 213.284 213.286 213.286 213.284 213.28 213.275 213.267 213.256 213.241 213.223 213.203 213.183 213.166 213.151 213.139 213.129 213.12 213.111 213.102 213.092 213.083 213.073 213.061 213.048 213.033 213.019 213.007 212.997 212.99 212.986 212.986 212.99 212.997 213.003 213.008 213.01 213.008 213.007 213.007 213.009 213.011 213.012 213.012 213.009 213.005 213.001 212.998 212.998 212.998 212.999 213 212.998 212.994 212.987 212.98 212.973 212.969 212.966 212.965 212.964 212.965 212.968 212.975
213.3 213.311 213.319 213.325 213.327 213.326 213.324 213.32 213.314 213.306 213.294 213.279 213.261 213.241 213.22 213.202 213.186 213.173 213.163 213.155 213.147 213.139 213.131 213.122 213.112 213.102 213.091 213.078 213.065 213.052 213.042 213.033 213.027 213.024 213.023 213.025 213.03 213.036 213.041 213.043 213.043 213.043 213.045 213.048 213.05 213.05 213.047 213.042 213.036 213.032 213.029 213.028 213.03 213.032 213.034 213.035 213.032 213.027 213.022 213.017 213.015 213.015 213.016 213.017 213.018 213.02 213.025
213.344 213.353 213.359 213.363 213.364 213.362 213.359 213.355 213.348 213.338 213.324 213.306 213.285 213.264 213.243 213.226 213.211 213.199 213.19 213.182 213.176 213.168 213.16 213.15 213.14 213.13 213.119 213.107 213.096 213.086 213.078 213.073 213.068 213.064 213.062 213.062 213.065 213.07 213.074 213.076 213.077 213.079 213.083 213.086 213.087 213.085 213.081 213.075 213.069 213.065 213.063 213.064 213.067 213.071 213.075 213.077 213.076 213.073 213.07 213.067 213.066 213.067 213.068 213.068 213.068 213.068 213.07
213.376 213.384 213.39 213.393 213.395 213.394 213.391 213.388 213.381 213.371 213.356 213.337 213.315 213.293 213.272 213.255 213.241 213.229 213.219 213.21 213.202 213.194 213.185 213.175 213.165 213.154 213.144 213.135 213.126 213.12 213.116 213.113 213.11 213.106 213.102 213.1 213.101 213.104 213.107 213.11 213.112 213.115 213.119 213.122 213.123 213.12 213.114 213.108 213.103 213.101 213.102 213.105 213.11 213.115 213.12 213.122 213.122 213.12 213.117 213.116 213.115 213.115 213.114 213.112 213.11 213.108 213.108
213.4 213.408 213.414 213.419 213.422 213.423 213.422 213.419 213.413 213.404 213.389 213.37 213.347 213.325 213.304 213.286 213.272 213.259 213.247 213.236 213.225 213.216 213.206 213.197 213.187 213.178 213.17 213.162 213.157 213.154 213.153 213.152 213.15 213.146 213.142 213.139 213.138 213.14 213.143 213.145 213.148 213.152 213.155 213.157 213.156 213.152 213.147 213.143 213.141 213.142 213.146 213.151 213.156 213.161 213.165 213.167 213.167 213.165 213.163 213.162 213.161 213.16 213.157 213.154 213.15 213.149 213.151
213.423 213.43 213.437 213.443 213.447 213.449 213.448 213.445 213.439 213.431 213.418 213.4 213.379 213.358 213.337 213.32 213.305 213.29 213.274 213.259 213.245 213.234 213.224 213.215 213.208 213.202 213.197 213.192 213.189 213.188 213.189 213.189 213.188 213.185 213.181 213.177 213.176 213.177 213.18 213.182 213.185 213.187 213.188 213.188 213.186 213.183 213.18 213.179 213.181 213.186 213.192 213.198 213.204 213.208 213.211 213.213 213.213 213.212 213.211 213.211 213.21 213.208 213.205 213.202 213.2 213.202 213.208
213.445 213.452 213.459 213.465 213.468 213.468 213.466 213.462 213.456 213.45 213.441 213.428 213.411 213.392 213.374 213.356 213.34 213.321 213.302 213.282 213.264 213.25 213.24 213.235 213.231 213.228 213.226 213.224 213.222 213.222 213.223 213.223 213.222 213.22 213.218 213.215 213.215 213.216 213.218 213.219 213.221 213.221 213.221 213.219 213.216 213.214 213.214 213.217 213.224 213.233 213.241 213.249 213.254 213.259 213.262 213.263 213.264 213.265 213.265 213.265 213.265 213.263 213.261 213.26 213.261 213.267 213.276
213.466 213.471 213.477 213.482 213.483 213.48 213.476 213.471 213.467 213.464 213.46 213.453 213.441 213.426 213.41 213.393 213.374 213.353 213.329 213.305 213.284 213.269 213.26 213.257 213.257 213.257 213.257 213.256 213.255 213.254 213.254 213.254 213.254 213.253 213.252 213.251 213.252 213.253 213.254 213.255 213.255 213.255 213.254 213.252 213.25 213.25 213.254 213.261 213.272 213.284 213.295 213.303 213.309 213.314 213.317 213.32 213.322 213.323 213.324 213.323 213.322 213.32 213.319 213.319 213.323 213.33 213.339
213.484 213.489 213.493 213.496 213.494 213.49 213.484 213.479 213.477 213.477 213.477 213.475 213.468 213.456 213.442 213.425 213.406 213.383 213.357 213.331 213.309 213.294 213.287 213.286 213.288 213.291 213.291 213.289 213.287 213.284 213.283 213.283 213.283 213.284 213.285 213.285 213.286 213.287 213.288 213.288 213.288 213.289 213.29 213.29 213.291 213.294 213.301 213.312 213.325 213.339 213.351 213.36 213.366 213.37 213.373 213.376 213.378 213.379 213.379 213.377 213.373 213.37 213.368 213.368 213.372 213.378 213.387
213.501 213.505 213.509 213.51 213.507 213.502 213.497 213.493 213.492 213.494 213.496 213.495 213.49 213.481 213.467 213.452 213.434 213.412 213.388 213.363 213.342 213.328 213.323 213.323 213.326 213.328 213.327 213.324 213.319 213.316 213.314 213.314 213.315 213.316 213.317 213.318 213.319 213.319 213.32 213.32 213.322 213.324 213.328 213.331 213.336 213.342 213.351 213.363 213.377 213.391 213.402 213.41 213.415 213.418 213.42 213.422 213.424 213.425 213.423 213.419 213.413 213.407 213.403 213.402 213.405 213.411 213.419
213.52 213.522 213.525 213.525 213.524 213.521 213.518 213.515 213.515 213.516 213.517 213.516 213.511 213.502 213.49 213.476 213.46 213.442 213.422 213.401 213.383 213.372 213.367 213.368 213.369 213.369 213.366 213.361 213.355 213.351 213.35 213.35 213.351 213.352 213.352 213.352 213.352 213.351 213.352 213.353 213.355 213.359 213.365 213.372 213.379 213.388 213.397 213.408 213.42 213.431 213.441 213.448 213.452 213.453 213.454 213.455 213.457 213.458 213.456 213.451 213.443 213.436 213.431 213.431 213.435 213.442 213.451
213.539 213.541 213.543 213.545 213.546 213.546 213.546 213.545 213.545 213.545 213.543 213.54 213.533 213.524 213.514 213.502 213.49 213.476 213.46 213.444 213.43 213.421 213.417 213.416 213.415 213.412 213.407 213.4 213.394 213.39 213.388 213.389 213.39 213.39 213.389 213.388 213.386 213.384 213.384 213.385 213.387 213.392 213.399 213.408 213.417 213.426 213.435 213.443 213.451 213.459 213.467 213.473 213.477 213.479 213.48 213.482 213.484 213.486 213.485 213.481 213.474 213.467 213.464 213.467 213.474 213.483 213.494
213.563 213.564 213.566 213.57 213.574 213.577 213.579 213.58 213.58 213.578 213.574 213.568 213.561 213.553 213.544 213.534 213.524 213.514 213.502 213.489 213.479 213.471 213.467 213.463 213.459 213.454 213.446 213.438 213.431 213.427 213.426 213.426 213.427 213.426 213.424 213.422 213.419 213.417 213.416 213.417 213.42 213.425 213.432 213.441 213.45 213.458 213.465 213.47 213.475 213.481 213.488 213.496 213.502 213.507 213.51 213.514 213.518 213.521 213.522 213.519 213.515 213.511 213.512 213.517 213.527 213.538 213.55
213.593 213.595 213.598 213.603 213.609 213.614 213.617 213.619 213.618 213.615 213.609 213.602 213.594 213.586 213.578 213.57 213.562 213.554 213.544 213.534 213.525 213.517 213.511 213.506 213.498 213.49 213.48 213.47 213.462 213.458 213.458 213.459 213.46 213.46 213.458 213.455 213.452 213.451 213.451 213.452 213.455 213.46 213.468 213.476 213.485 213.491 213.495 213.499 213.502 213.508 213.517 213.528 213.539 213.547 213.553 213.559 213.564 213.569 213.571 213.57 213.568 213.568 213.571 213.578 213.589 213.6 213.611
213.634 213.636 213.641 213.647 213.653 213.657 213.66 213.661 213.659 213.654 213.648 213.64 213.632 213.624 213.616 213.608 213.601 213.593 213.584 213.574 213.564 213.556 213.548 213.54 213.531 213.52 213.508 213.497 213.489 213.485 213.485 213.489 213.492 213.493 213.492 213.489 213.487 213.487 213.489 213.492 213.497 213.503 213.51 213.518 213.525 213.529 213.532 213.535 213.54 213.548 213.56 213.574 213.588 213.599 213.607 213.614 213.62 213.626 213.629 213.63 213.63 213.631 213.635 213.643 213.653 213.663 213.672
213.684 213.687 213.692 213.697 213.702 213.705 213.706 213.705 213.701 213.696 213.688 213.68 213.671 213.662 213.654 213.646 213.637 213.628 213.618 213.607 213.597 213.587 213.578 213.569 213.559 213.548 213.536 213.525 213.516 213.513 213.514 213.52 213.525 213.528 213.528 213.527 213.526 213.527 213.531 213.537 213.543 213.551 213.558 213.564 213.569 213.573 213.577 213.581 213.587 213.598 213.612 213.629 213.644 213.656 213.664 213.672 213.678 213.684 213.689 213.692 213.693 213.696 213.701 213.708 213.716 213.724 213.731
213.735 213.739 213.743 213.747 213.75 213.751 213.75 213.747 213.743 213.736 213.728 213.719 213.709 213.699 213.69 213.68 213.67 213.66 213.649 213.637 213.625 213.614 213.605 213.597 213.588 213.579 213.569 213.558 213.55 213.546 213.548 213.553 213.559 213.563 213.565 213.565 213.565 213.567 213.573 213.58 213.589 213.597 213.605 213.611 213.616 213.62 213.625 213.631 213.64 213.653 213.668 213.684 213.698 213.709 213.718 213.725 213.732 213.739 213.746 213.751 213.754 213.758 213.763 213.768 213.774 213.78 213.785
213.781 213.784 213.788 213.791 213.792 213.792 213.789 213.786 213.781 213.774 213.764 213.754 213.743 213.732 213.722 213.712 213.701 213.69 213.679 213.667 213.655 213.645 213.636 213.63 213.623 213.617 213.608 213.598 213.589 213.583 213.583 213.587 213.592 213.597 213.599 213.599 213.6 213.604 213.61 213.62 213.63 213.641 213.65 213.657 213.663 213.669 213.676 213.684 213.694 213.706 213.72 213.735 213.747 213.757 213.765 213.772 213.78 213.788 213.797 213.804 213.809 213.813 213.817 213.822 213.825 213.829 213.833
213.821 213.823 213.826 213.828 213.828 213.827 213.824 213.82 213.814 213.805 213.795 213.783 213.771 213.761 213.751 213.742 213.733 213.723 213.712 213.701 213.69 213.681 213.674 213.668 213.663 213.657 213.649 213.639 213.629 213.621 213.618 213.619 213.623 213.627 213.629 213.631 213.633 213.638 213.646 213.657 213.67 213.683 213.694 213.704 213.712 213.719 213.727 213.735 213.745 213.757 213.769 213.781 213.792 213.801 213.809 213.817 213.825 213.835 213.844 213.851 213.857 213.862 213.866 213.869 213.872 213.875 213.878
