<!DOCTYPE html>
<!-- Generated by pkgdown: do not edit by hand --><html lang="en">
<head>
<meta http-equiv="Content-Type" content="text/html; charset=UTF-8">
<meta charset="utf-8">
<meta http-equiv="X-UA-Compatible" content="IE=edge">
<meta name="viewport" content="width=device-width, initial-scale=1.0">
<title>Test Flow - 12_FES4_high (MaxArea = 10000; MaxDepth = 2) • LITAP</title>
<!-- jquery --><script src="https://cdnjs.cloudflare.com/ajax/libs/jquery/3.4.1/jquery.min.js" integrity="sha256-CSXorXvZcTkaix6Yvo6HppcZGetbYMGWSFlBw8HfCJo=" crossorigin="anonymous"></script><!-- Bootstrap --><link rel="stylesheet" href="https://cdnjs.cloudflare.com/ajax/libs/twitter-bootstrap/3.4.1/css/bootstrap.min.css" integrity="sha256-bZLfwXAP04zRMK2BjiO8iu9pf4FbLqX6zitd+tIvLhE=" crossorigin="anonymous">
<script src="https://cdnjs.cloudflare.com/ajax/libs/twitter-bootstrap/3.4.1/js/bootstrap.min.js" integrity="sha256-nuL8/2cJ5NDSSwnKD8VqreErSWHtnEP9E7AySL+1ev4=" crossorigin="anonymous"></script><!-- bootstrap-toc --><link rel="stylesheet" href="../../bootstrap-toc.css">
<script src="../../bootstrap-toc.js"></script><!-- Font Awesome icons --><link rel="stylesheet" href="https://cdnjs.cloudflare.com/ajax/libs/font-awesome/5.12.1/css/all.min.css" integrity="sha256-mmgLkCYLUQbXn0B1SRqzHar6dCnv9oZFPEC1g1cwlkk=" crossorigin="anonymous">
<link rel="stylesheet" href="https://cdnjs.cloudflare.com/ajax/libs/font-awesome/5.12.1/css/v4-shims.min.css" integrity="sha256-wZjR52fzng1pJHwx4aV2AO3yyTOXrcDW7jBpJtTwVxw=" crossorigin="anonymous">
<!-- clipboard.js --><script src="https://cdnjs.cloudflare.com/ajax/libs/clipboard.js/2.0.6/clipboard.min.js" integrity="sha256-inc5kl9MA1hkeYUt+EC3BhlIgyp/2jDIyBLS6k3UxPI=" crossorigin="anonymous"></script><!-- headroom.js --><script src="https://cdnjs.cloudflare.com/ajax/libs/headroom/0.11.0/headroom.min.js" integrity="sha256-AsUX4SJE1+yuDu5+mAVzJbuYNPHj/WroHuZ8Ir/CkE0=" crossorigin="anonymous"></script><script src="https://cdnjs.cloudflare.com/ajax/libs/headroom/0.11.0/jQuery.headroom.min.js" integrity="sha256-ZX/yNShbjqsohH1k95liqY9Gd8uOiE1S4vZc+9KQ1K4=" crossorigin="anonymous"></script><!-- pkgdown --><link href="../../pkgdown.css" rel="stylesheet">
<script src="../../pkgdown.js"></script><meta property="og:title" content="Test Flow - 12_FES4_high (MaxArea = 10000; MaxDepth = 2)">
<meta property="og:description" content="LITAP">
<!-- mathjax --><script src="https://cdnjs.cloudflare.com/ajax/libs/mathjax/2.7.5/MathJax.js" integrity="sha256-nvJJv9wWKEm88qvoQl9ekL2J+k/RWIsaSScxxlsrv8k=" crossorigin="anonymous"></script><script src="https://cdnjs.cloudflare.com/ajax/libs/mathjax/2.7.5/config/TeX-AMS-MML_HTMLorMML.js" integrity="sha256-84DKXVJXs0/F8OTMzX4UR909+jtl4G7SPypPavF+GfA=" crossorigin="anonymous"></script><!--[if lt IE 9]>
<script src="https://oss.maxcdn.com/html5shiv/3.7.3/html5shiv.min.js"></script>
<script src="https://oss.maxcdn.com/respond/1.4.2/respond.min.js"></script>
<![endif]-->
</head>
<body data-spy="scroll" data-target="#toc">
    <div class="container template-article">
      <header><div class="navbar navbar-default navbar-fixed-top" role="navigation">
  <div class="container">
    <div class="navbar-header">
      <button type="button" class="navbar-toggle collapsed" data-toggle="collapse" data-target="#navbar" aria-expanded="false">
        <span class="sr-only">Toggle navigation</span>
        <span class="icon-bar"></span>
        <span class="icon-bar"></span>
        <span class="icon-bar"></span>
      </button>
      <span class="navbar-brand">
        <a class="navbar-link" href="../../index.html">LITAP</a>
        <span class="version label label-default" data-toggle="tooltip" data-placement="bottom" title="Released version">0.4.0</span>
      </span>
    </div>

    <div id="navbar" class="navbar-collapse collapse">
      <ul class="nav navbar-nav">
<li>
  <a href="../../index.html">
    <span class="fas fa-home"></span>
     
  </a>
</li>
<li>
  <a href="../../reference/index.html">Reference</a>
</li>
<li>
  <a href="../../articles/index.html">Articles</a>
</li>
<li>
  <a href="../../news/index.html">News</a>
</li>
      </ul>
<ul class="nav navbar-nav navbar-right">
<li>
  <a href="https://github.com/steffilazerte/LITAP">
    <span class="fas fa-github fa-lg"></span>
     
  </a>
</li>
      </ul>
</div>
<!--/.nav-collapse -->
  </div>
<!--/.container -->
</div>
<!--/.navbar -->

      

      </header><script src="12_FES4_high_compare_report_flow_files/header-attrs-2.6/header-attrs.js"></script><script src="12_FES4_high_compare_report_flow_files/htmlwidgets-1.5.3/htmlwidgets.js"></script><script src="12_FES4_high_compare_report_flow_files/jquery-3.5.1/jquery.min.js"></script><link href="12_FES4_high_compare_report_flow_files/datatables-css-0.0.0/datatables-crosstalk.css" rel="stylesheet">
<script src="12_FES4_high_compare_report_flow_files/datatables-binding-0.17/datatables.js"></script><link href="12_FES4_high_compare_report_flow_files/dt-core-1.10.20/css/jquery.dataTables.min.css" rel="stylesheet">
<link href="12_FES4_high_compare_report_flow_files/dt-core-1.10.20/css/jquery.dataTables.extra.css" rel="stylesheet">
<script src="12_FES4_high_compare_report_flow_files/dt-core-1.10.20/js/jquery.dataTables.min.js"></script><link href="12_FES4_high_compare_report_flow_files/crosstalk-1.1.1/css/crosstalk.css" rel="stylesheet">
<script src="12_FES4_high_compare_report_flow_files/crosstalk-1.1.1/js/crosstalk.min.js"></script><div class="row">
  <div class="col-md-9 contents">
    <div class="page-header toc-ignore">
      <h1 data-toc-skip>Test Flow - 12_FES4_high (MaxArea = 10000; MaxDepth = 2)</h1>
                        <h4 class="author">Steffi LaZerte</h4>
            
            <h4 class="date">2021-02-11</h4>
      
      <small class="dont-index">Source: <a href="https://github.com/steffilazerte/LITAP/blob/master/vignettes/reports/12_FES4_high_compare_report_flow.Rmd"><code>vignettes/reports/12_FES4_high_compare_report_flow.Rmd</code></a></small>
      <div class="hidden name"><code>12_FES4_high_compare_report_flow.Rmd</code></div>

    </div>

    
    
<style>
.figure {
  max-width: 50%;
  margin: auto;
}
.table {
  width: auto;
  margin: auto;
}
</style>
<div id="details" class="section level1">
<h1 class="hasAnchor">
<a href="#details" class="anchor"></a>Details</h1>
<ul>
<li>16.99 min to run<br>
</li>
<li>/home/steffi/Projects/Business/LandmapR/Runs - FlowMapR/Steffi_LandMapR_tests/12_FES4/HighThreshold_FlowMapR original FlowMapR output</li>
</ul>
<div id="original-dem-relief" class="section level4">
<h4 class="hasAnchor">
<a href="#original-dem-relief" class="anchor"></a>Original Dem (Relief)</h4>
<p><img src="12_FES4_high_compare_report_flow_files/figure-html/unnamed-chunk-2-1.png" width="1440"></p>
</div>
<div id="original-dem-elevation" class="section level4">
<h4 class="hasAnchor">
<a href="#original-dem-elevation" class="anchor"></a>Original Dem (Elevation)</h4>
<p><img src="12_FES4_high_compare_report_flow_files/figure-html/unnamed-chunk-3-1.png" width="1440"></p>
</div>
</div>
<div id="visual-comparison-of-sheds" class="section level1">
<h1 class="hasAnchor">
<a href="#visual-comparison-of-sheds" class="anchor"></a>Visual Comparison of Sheds</h1>
<div id="original-vs--new-local-shed-assignment" class="section level2">
<h2 class="hasAnchor">
<a href="#original-vs--new-local-shed-assignment" class="anchor"></a>Original vs. New Local Shed assignment</h2>
<ul>
<li>The first shed shows initial pits which are removed in the first step of pit removal (This doesn’t exist in the original program)</li>
<li>The next two are the local sheds (shedno) after amalgamating the small ones</li>
<li>Black dots are pit centres (final centres for Orig, local centres for New)</li>
<li>White outlines are Fill Pour Points for the local watersheds</li>
</ul>
<p><img src="12_FES4_high_compare_report_flow_files/figure-html/unnamed-chunk-4-1.png" width="1440"></p>
</div>
<div id="original-vs--new-fill-shed-assignment" class="section level2">
<h2 class="hasAnchor">
<a href="#original-vs--new-fill-shed-assignment" class="anchor"></a>Original vs. New Fill Shed assignment</h2>
<ul>
<li>These are the fill sheds, which reflect how sheds combined during the third pit removal process</li>
<li>Black dots are pit centres, white dots are Fill Pour Points for the final watersheds</li>
<li>Shapes should be identical to pond filling, just the numbers may be different</li>
</ul>
<p><img src="12_FES4_high_compare_report_flow_files/figure-html/unnamed-chunk-5-1.png" width="1440"></p>
</div>
</div>
<div id="numeric-comparison" class="section level1">
<h1 class="hasAnchor">
<a href="#numeric-comparison" class="anchor"></a>Numeric Comparison</h1>
<div id="compare-dem-stats" class="section level2">
<h2 class="hasAnchor">
<a href="#compare-dem-stats" class="anchor"></a>Compare dem stats</h2>
<p><img src="12_FES4_high_compare_report_flow_files/figure-html/unnamed-chunk-6-1.png" width="1440"><img src="12_FES4_high_compare_report_flow_files/figure-html/unnamed-chunk-6-2.png" width="1440"><img src="12_FES4_high_compare_report_flow_files/figure-html/unnamed-chunk-6-3.png" width="1440"><img src="12_FES4_high_compare_report_flow_files/figure-html/unnamed-chunk-6-4.png" width="1440"><img src="12_FES4_high_compare_report_flow_files/figure-html/unnamed-chunk-6-5.png" width="1440"><img src="12_FES4_high_compare_report_flow_files/figure-html/unnamed-chunk-6-6.png" width="1440"><img src="12_FES4_high_compare_report_flow_files/figure-html/unnamed-chunk-6-7.png" width="1440"><img src="12_FES4_high_compare_report_flow_files/figure-html/unnamed-chunk-6-8.png" width="1440"></p>
</div>
<div id="compare-pond-stats" class="section level2">
<h2 class="hasAnchor">
<a href="#compare-pond-stats" class="anchor"></a>Compare pond stats</h2>
<p><strong>Original Pond data</strong></p>
<div id="htmlwidget-f39afa92c8e5bd71d28f" style="width:100%;height:auto;" class="datatables html-widget"></div>
<script type="application/json" data-for="htmlwidget-f39afa92c8e5bd71d28f">{"x":{"filter":"none","data":[["1","2","3","4","5","6","7","8","9","10","11","12","13","14","15","16","17","18","19","20","21","22","23","24","25","26"],[8,13,27,29,50,51,52,53,58,59,61,65,81,128,130,131,153,154,54,25,3,97,111,125,129,15],[230.914,232.9682,232.9292,232.8853,232.7193,232.3482,232.6692,232.5576,232.5576,232.5739,232.5583,232.5032,231.974,216.5975,216.5731,216.5731,205.1112,213.6041,232.5762,232.3482,232.042,217.954,216.7796,216.6389,213.5415,205.1112],[131,21,12,72,25,244,80,193,142,39,84,38,38,73,65,83,5460,242,303,2895,2082,2848,742,336,2464,415709],[4,1,3,19,1,15,3,13,65,4,17,5,18,29,10,39,32,6,8,17,550,94,1,2,31,439],[0.033,0.001,0.003,0.091,0,0.377,0.005,0.055,1.781,0.003,0.175,0.006,0.133,0.389,0.028,0.563,0.589,0.051,0.053,0.225,31.548,6.297,0,0.001,2.747,95.892],[230.9013,232.9677,232.9269,232.8754,232.7193,232.281,232.6672,232.5502,232.4898,232.5724,232.5388,232.5008,231.9573,216.57,216.5666,216.547,205.0681,213.5839,232.5634,232.3217,231.9761,217.8203,216.7795,216.6384,213.3686,204.5368],[0.25,0.02,0.28,1.26,0,1.54,0.06,0.29,12.55,0.09,2.08,0.15,3.51,5.33,0.43,6.78,0.11,0.21,0.17,0.08,15.15,2.21,0,0,1.11,0.23],[387375,434171,434205,434224,434369,434421,434355,434331,434309,434282,434294,433899,434023,377,1027,1018,98368,611,434274,428311,428312,239,952,362,6110,112424],[635,711,711,711,711,711,711,711,711,711,711,711,711,1,2,2,161,1,711,701,702,1,2,1,10,184],[1,361,395,414,559,611,545,521,499,472,484,89,213,377,416,407,608,611,464,611,1,239,341,362,611,611],[15,15,15,54,52,25,53,58,53,61,58,3,15,15,131,130,15,129,59,51,15,111,125,128,153,153],[230.914,232.9682,232.9289,232.8853,232.7193,232.3456,232.6692,232.5576,232.5573,232.5739,232.5583,232.5022,231.974,216.5911,216.5725,216.5731,205.1065,213.6035,232.5753,232.3482,232.0406,217.95,216.7796,216.6389,213.5415,205.1112],[637,711,709,709,711,705,711,711,711,710,711,709,708,5,2,2,165,5,711,706,702,6,2,1,15,164],[3,360,395,420,558,611,543,511,512,475,489,87,212,378,412,413,611,611,470,611,131,258,342,364,611,611],[636,711,710,709,711,706,711,711,711,711,711,710,709,4,2,1,164,4,711,705,702,6,2,1,14,165],[2,361,395,419,559,611,544,512,511,474,488,88,213,377,413,412,611,611,469,611,130,257,341,363,611,611],[388599,434170,432983,433008,434368,430755,434353,434321,434322,433674,434299,432675,432189,2822,1023,1024,100815,3055,434280,431366,428442,3313,953,364,9165,100204],[387987,434171,433594,433007,434369,431366,434354,434322,434321,434284,434298,433287,432801,2210,1024,412,100204,2444,434279,430755,428441,3312,952,363,8554,100815],[15,15,15,54,52,25,53,58,53,61,58,3,15,15,131,130,15,129,59,51,15,111,125,128,153,153],[0,0,0,0,0,0,0,0,0,0,0,0,0,0,0,0,0,0,0,0,0,0,0,0,0,0],[true,true,true,true,true,true,true,true,true,true,true,true,true,true,true,true,true,true,true,true,true,true,true,true,true,true],[true,true,true,true,true,true,true,true,true,true,true,true,true,true,true,true,true,true,true,true,true,true,true,true,true,true]],"container":"<table class=\"display\">\n  <thead>\n    <tr>\n      <th> <\/th>\n      <th>shedno<\/th>\n      <th>pour_elev<\/th>\n      <th>shed_area<\/th>\n      <th>pit_area<\/th>\n      <th>pit_vol<\/th>\n      <th>pit_elev<\/th>\n      <th>varatio<\/th>\n      <th>pit_seqno<\/th>\n      <th>pit_row<\/th>\n      <th>pit_col<\/th>\n      <th>drains_to<\/th>\n      <th>out_elev<\/th>\n      <th>out_row<\/th>\n      <th>out_col<\/th>\n      <th>in_row<\/th>\n      <th>in_col<\/th>\n      <th>out_seqno<\/th>\n      <th>in_seqno<\/th>\n      <th>next_pit<\/th>\n      <th>becomes<\/th>\n      <th>edge_pit<\/th>\n      <th>final<\/th>\n    <\/tr>\n  <\/thead>\n<\/table>","options":{"columnDefs":[{"className":"dt-right","targets":[1,2,3,4,5,6,7,8,9,10,11,12,13,14,15,16,17,18,19,20]},{"orderable":false,"targets":0}],"order":[],"autoWidth":false,"orderClasses":false}},"evals":[],"jsHooks":[]}</script><p><strong>New Pond data</strong></p>
<div id="htmlwidget-10dfe22d217b2701d6e7" style="width:100%;height:auto;" class="datatables html-widget"></div>
<script type="application/json" data-for="htmlwidget-10dfe22d217b2701d6e7">{"x":{"filter":"none","data":[["1","2","3","4","5","6","7","8","9","10","11","12","13","14","15","16","17","18","19","20","21","22","23","24","25"],[15,153,129,154,131,130,128,125,97,8,68,81,51,25,58,65,61,53,54,59,52,50,29,27,13],[205.11122,205.11122,213.54148,213.60409,216.57311,216.57311,216.59747,216.63894,217.95403,230.91402,232.04201,231.97395,232.3482,232.3482,232.55762,232.50319,232.55835,232.55762,232.57623,232.5739,232.6692,232.71934,232.88526,232.92923,232.96819],[415709,5460,2464,242,83,65,73,1078,2848,131,2082,38,244,2895,142,38,84,193,303,39,80,25,72,12,21],[448,32,33,6,42,10,29,2,94,6,550,18,15,18,65,5,18,13,8,5,3,1,21,3,2],[95.91,0.589,2.754,0.051,0.565,0.028,0.389,0.001,6.297,0.035,84.499,0.133,0.377,0.226,1.781,0.006,0.175,0.055,0.053,0.003,0.005,0,0.092,0.003,0.001],[204.53682,205.06809,213.36861,213.58387,216.54704,216.56661,216.56996,216.63839,217.82033,230.90134,231.60529,231.9573,232.28098,232.32171,232.48982,232.50084,232.53876,232.55022,232.56336,232.5724,232.66723,232.71926,232.87539,232.92686,232.96774],[0.23,0.11,1.12,0.21,6.81,0.43,5.33,0,2.21,0.27,40.59,3.51,1.54,0.08,12.55,0.15,2.09,0.29,0.17,0.09,0.06,0,1.27,0.28,0.03],[112424,98368,6110,611,1018,1027,377,362,239,387375,428432,434023,434421,428311,434309,433899,434294,434331,434274,434282,434355,434369,434224,434205,434171],[184,161,10,1,2,2,1,1,1,635,702,711,711,701,711,711,711,711,711,711,711,711,711,711,711],[611,608,611,611,407,416,377,362,239,1,121,213,611,611,499,89,484,521,464,472,545,559,414,395,361],[153,15,153,129,130,131,15,128,125,15,15,15,25,51,53,68,58,58,59,61,53,52,54,15,15],[205.11122,205.10646,213.54148,213.60352,216.57311,216.57197,216.58978,216.63894,217.94996,230.91402,232.03945,231.97395,232.34563,232.3482,232.55726,232.5022,232.55835,232.55762,232.57534,232.5739,232.6692,232.71934,232.88526,232.92849,232.96819],[164,165,15,5,2,1,5,1,6,637,701,708,705,706,711,709,711,711,711,710,711,711,709,709,711],[611,611,611,611,413,412,377,364,258,3,131,212,611,611,512,87,489,511,470,475,543,558,420,394,360],[165,164,14,4,1,2,4,1,6,636,702,709,706,705,711,710,711,711,711,710,711,711,709,710,711],[610,611,611,611,412,413,377,363,257,2,130,213,611,611,511,88,488,512,469,474,544,559,419,395,361],[100204,100815,9165,3055,1024,412,2821,364,3313,388599,427831,432189,430755,431366,434322,432675,434299,434321,434280,433674,434353,434368,433008,432982,434170],[100814,100204,8554,2444,412,1024,2210,363,3312,387987,428441,432801,431366,430755,434321,433287,434298,434322,434279,433673,434354,434369,433007,433594,434171],[153,15,153,129,130,131,15,128,125,15,15,15,25,51,53,68,58,58,59,61,53,52,54,15,15],[true,true,true,true,true,true,true,true,true,true,true,true,true,true,true,true,true,true,true,true,true,true,true,true,true],[0,0,0,0,0,0,0,0,0,0,0,0,0,0,0,0,0,0,0,0,0,0,0,0,0],[true,true,true,true,true,true,true,true,true,true,true,true,true,true,true,true,true,true,true,true,true,true,true,true,true]],"container":"<table class=\"display\">\n  <thead>\n    <tr>\n      <th> <\/th>\n      <th>shedno<\/th>\n      <th>pour_elev<\/th>\n      <th>shed_area<\/th>\n      <th>pit_area<\/th>\n      <th>pit_vol<\/th>\n      <th>pit_elev<\/th>\n      <th>varatio<\/th>\n      <th>pit_seqno<\/th>\n      <th>pit_row<\/th>\n      <th>pit_col<\/th>\n      <th>drains_to<\/th>\n      <th>out_elev<\/th>\n      <th>out_row<\/th>\n      <th>out_col<\/th>\n      <th>in_row<\/th>\n      <th>in_col<\/th>\n      <th>out_seqno<\/th>\n      <th>in_seqno<\/th>\n      <th>next_pit<\/th>\n      <th>edge_pit<\/th>\n      <th>becomes<\/th>\n      <th>final<\/th>\n    <\/tr>\n  <\/thead>\n<\/table>","options":{"columnDefs":[{"className":"dt-right","targets":[1,2,3,4,5,6,7,8,9,10,11,12,13,14,15,16,17,18,19,21]},{"orderable":false,"targets":0}],"order":[],"autoWidth":false,"orderClasses":false}},"evals":[],"jsHooks":[]}</script><p><strong>Differences</strong></p>
<ul>
<li>Each figure represents a different Pond measurement plotted by watershed</li>
<li>Blue represents original values, pink new values. If they are identical, pink is hidden by blue</li>
</ul>
<p><img src="12_FES4_high_compare_report_flow_files/figure-html/unnamed-chunk-9-1.png" width="1440"></p>
</div>
<div id="compare-fill-stats" class="section level2">
<h2 class="hasAnchor">
<a href="#compare-fill-stats" class="anchor"></a>Compare fill stats</h2>
<p><strong>Original Fill data</strong></p>
<div id="htmlwidget-aed3ee4a1739121d12f9" style="width:100%;height:auto;" class="datatables html-widget"></div>
<script type="application/json" data-for="htmlwidget-aed3ee4a1739121d12f9">{"x":{"filter":"none","data":[["1","2","3","4","5","6","7","8","9","10","11","12","13","14","15","16","17","18","19","20","21","22","23","24","25","26"],[8,13,27,29,50,51,52,53,58,59,61,65,81,128,130,131,153,154,54,25,3,97,111,125,129,15],[230.914,232.9682,232.9292,232.8853,232.7193,232.3482,232.6692,232.5576,232.5576,232.5739,232.5583,232.5032,231.974,216.5975,216.5731,216.5731,205.1112,213.6041,232.5762,232.3482,232.042,217.954,216.7796,216.6389,213.5415,205.1112],[131,21,12,72,25,244,80,193,142,39,84,38,38,73,65,83,5460,242,303,2895,2082,2848,742,336,2464,415709],[4,1,3,19,1,15,3,13,65,4,17,5,18,29,10,39,32,6,8,17,550,94,1,2,31,439],[0.033,0.001,0.003,0.091,0,0.377,0.005,0.055,1.781,0.003,0.175,0.006,0.133,0.389,0.028,0.563,0.589,0.051,0.053,0.225,31.548,6.297,0,0.001,2.747,95.892],[230.9013,232.9677,232.9269,232.8754,232.7193,232.281,232.6672,232.5502,232.4898,232.5724,232.5388,232.5008,231.9573,216.57,216.5666,216.547,205.0681,213.5839,232.5634,232.3217,231.9761,217.8203,216.7795,216.6384,213.3686,204.5368],[0.25,0.02,0.28,1.26,0,1.54,0.06,0.29,12.55,0.09,2.08,0.15,3.51,5.33,0.43,6.78,0.11,0.21,0.17,0.08,15.15,2.21,0,0,1.11,0.23],[387375,434171,434205,434224,434369,434421,434355,434331,434309,434282,434294,433899,434023,377,1027,1018,98368,611,434274,428311,428312,239,952,362,6110,112424],[635,711,711,711,711,711,711,711,711,711,711,711,711,1,2,2,161,1,711,701,702,1,2,1,10,184],[1,361,395,414,559,611,545,521,499,472,484,89,213,377,416,407,608,611,464,611,1,239,341,362,611,611],[15,15,15,54,52,25,53,58,53,61,58,3,15,15,131,130,15,129,59,51,15,111,125,128,153,153],[230.914,232.9682,232.9289,232.8853,232.7193,232.3456,232.6692,232.5576,232.5573,232.5739,232.5583,232.5022,231.974,216.5911,216.5725,216.5731,205.1065,213.6035,232.5753,232.3482,232.0406,217.95,216.7796,216.6389,213.5415,205.1112],[637,711,709,709,711,705,711,711,711,710,711,709,708,5,2,2,165,5,711,706,702,6,2,1,15,164],[3,360,395,420,558,611,543,511,512,475,489,87,212,378,412,413,611,611,470,611,131,258,342,364,611,611],[636,711,710,709,711,706,711,711,711,711,711,710,709,4,2,1,164,4,711,705,702,6,2,1,14,165],[2,361,395,419,559,611,544,512,511,474,488,88,213,377,413,412,611,611,469,611,130,257,341,363,611,611],[388599,434170,432983,433008,434368,430755,434353,434321,434322,433674,434299,432675,432189,2822,1023,1024,100815,3055,434280,431366,428442,3313,953,364,9165,100204],[387987,434171,433594,433007,434369,431366,434354,434322,434321,434284,434298,433287,432801,2210,1024,412,100204,2444,434279,430755,428441,3312,952,363,8554,100815],[true,true,true,true,true,true,true,true,true,true,true,true,true,true,true,true,true,true,true,true,true,true,true,true,true,true],[15,15,15,54,52,25,53,58,53,61,58,3,15,15,131,130,15,129,59,51,15,111,125,128,153,153],[8,13,27,29,50,51,52,53,58,59,61,65,81,128,130,131,153,154,54,25,3,97,111,125,129,15],[8,13,27,29,50,51,52,53,58,59,61,65,81,128,130,131,153,154,54,25,3,97,111,125,129,15],[true,true,true,true,true,true,true,true,true,true,true,true,true,true,true,true,true,true,true,true,true,true,true,true,true,true]],"container":"<table class=\"display\">\n  <thead>\n    <tr>\n      <th> <\/th>\n      <th>shedno<\/th>\n      <th>pour_elev<\/th>\n      <th>shed_area<\/th>\n      <th>pit_area<\/th>\n      <th>pit_vol<\/th>\n      <th>pit_elev<\/th>\n      <th>varatio<\/th>\n      <th>pit_seqno<\/th>\n      <th>pit_row<\/th>\n      <th>pit_col<\/th>\n      <th>drains_to<\/th>\n      <th>out_elev<\/th>\n      <th>out_row<\/th>\n      <th>out_col<\/th>\n      <th>in_row<\/th>\n      <th>in_col<\/th>\n      <th>out_seqno<\/th>\n      <th>in_seqno<\/th>\n      <th>edge_pit<\/th>\n      <th>next_pit<\/th>\n      <th>becomes<\/th>\n      <th>end_pit<\/th>\n      <th>final<\/th>\n    <\/tr>\n  <\/thead>\n<\/table>","options":{"columnDefs":[{"className":"dt-right","targets":[1,2,3,4,5,6,7,8,9,10,11,12,13,14,15,16,17,18,20,21,22]},{"orderable":false,"targets":0}],"order":[],"autoWidth":false,"orderClasses":false}},"evals":[],"jsHooks":[]}</script><p><strong>New Fill data</strong></p>
<div id="htmlwidget-bb74502771eb5e12af29" style="width:100%;height:auto;" class="datatables html-widget"></div>
<script type="application/json" data-for="htmlwidget-bb74502771eb5e12af29">{"x":{"filter":"none","data":[["1","2","3","4","5","6","7","8","9","10","11","12","13","14","15","16","17","18","19","20","21","22","23","24","25"],[8,13,15,25,27,29,50,51,52,53,54,58,59,61,65,68,81,97,125,128,129,130,131,153,154],[230.91402,232.96819,205.11122,232.3482,232.92923,232.88526,232.71934,232.3482,232.6692,232.55762,232.57623,232.55762,232.5739,232.55835,232.50319,232.04201,231.97395,217.95403,216.63894,216.59747,213.54148,216.57311,216.57311,205.11122,213.60409],[131,21,415709,2895,12,72,25,244,80,193,303,142,39,84,38,2082,38,2848,1078,73,2464,65,83,5460,242],[6,2,448,18,3,21,1,15,3,13,8,65,5,18,5,550,18,94,2,29,33,10,42,32,6],[0.035,0.001,95.91,0.226,0.003,0.092,0,0.377,0.005,0.055,0.053,1.781,0.003,0.175,0.006,84.499,0.133,6.297,0.001,0.389,2.754,0.028,0.565,0.589,0.051],[230.90134,232.96774,204.53682,232.32171,232.92686,232.87539,232.71926,232.28098,232.66723,232.55022,232.56336,232.48982,232.5724,232.53876,232.50084,231.60529,231.9573,217.82033,216.63839,216.56996,213.36861,216.56661,216.54704,205.06809,213.58387],[0.27,0.03,0.23,0.08,0.28,1.27,0,1.54,0.06,0.29,0.17,12.55,0.09,2.09,0.15,40.59,3.51,2.21,0,5.33,1.12,0.43,6.81,0.11,0.21],[387375,434171,112424,428311,434205,434224,434369,434421,434355,434331,434274,434309,434282,434294,433899,428432,434023,239,362,377,6110,1027,1018,98368,611],[635,711,184,701,711,711,711,711,711,711,711,711,711,711,711,702,711,1,1,1,10,2,2,161,1],[1,361,611,611,395,414,559,611,545,521,464,499,472,484,89,121,213,239,362,377,611,416,407,608,611],[15,15,153,51,15,54,52,25,53,58,59,53,61,58,68,15,15,125,128,15,153,131,130,15,129],[230.91402,232.96819,205.11122,232.3482,232.92849,232.88526,232.71934,232.34563,232.6692,232.55762,232.57534,232.55726,232.5739,232.55835,232.5022,232.03945,231.97395,217.94996,216.63894,216.58978,213.54148,216.57197,216.57311,205.10646,213.60352],[637,711,164,706,709,709,711,705,711,711,711,711,710,711,709,701,708,6,1,5,15,1,2,165,5],[3,360,611,611,394,420,558,611,543,511,470,512,475,489,87,131,212,258,364,377,611,412,413,611,611],[636,711,165,705,710,709,711,706,711,711,711,711,710,711,710,702,709,6,1,4,14,2,1,164,4],[2,361,610,611,395,419,559,611,544,512,469,511,474,488,88,130,213,257,363,377,611,413,412,611,611],[388599,434170,100204,431366,432982,433008,434368,430755,434353,434321,434280,434322,433674,434299,432675,427831,432189,3313,364,2821,9165,412,1024,100815,3055],[387987,434171,100814,430755,433594,433007,434369,431366,434354,434322,434279,434321,433673,434298,433287,428441,432801,3312,363,2210,8554,1024,412,100204,2444],[true,true,true,true,true,true,true,true,true,true,true,true,true,true,true,true,true,true,true,true,true,true,true,true,true],[15,15,153,51,15,54,52,25,53,58,59,53,61,58,68,15,15,125,128,15,153,131,130,15,129],[8,13,15,25,27,29,50,51,52,53,54,58,59,61,65,68,81,97,125,128,129,130,131,153,154],[8,13,15,25,27,29,50,51,52,53,54,58,59,61,65,68,81,97,125,128,129,130,131,153,154],[true,true,true,true,true,true,true,true,true,true,true,true,true,true,true,true,true,true,true,true,true,true,true,true,true]],"container":"<table class=\"display\">\n  <thead>\n    <tr>\n      <th> <\/th>\n      <th>shedno<\/th>\n      <th>pour_elev<\/th>\n      <th>shed_area<\/th>\n      <th>pit_area<\/th>\n      <th>pit_vol<\/th>\n      <th>pit_elev<\/th>\n      <th>varatio<\/th>\n      <th>pit_seqno<\/th>\n      <th>pit_row<\/th>\n      <th>pit_col<\/th>\n      <th>drains_to<\/th>\n      <th>out_elev<\/th>\n      <th>out_row<\/th>\n      <th>out_col<\/th>\n      <th>in_row<\/th>\n      <th>in_col<\/th>\n      <th>out_seqno<\/th>\n      <th>in_seqno<\/th>\n      <th>edge_pit<\/th>\n      <th>next_pit<\/th>\n      <th>becomes<\/th>\n      <th>end_pit<\/th>\n      <th>final<\/th>\n    <\/tr>\n  <\/thead>\n<\/table>","options":{"columnDefs":[{"className":"dt-right","targets":[1,2,3,4,5,6,7,8,9,10,11,12,13,14,15,16,17,18,20,21,22]},{"orderable":false,"targets":0}],"order":[],"autoWidth":false,"orderClasses":false}},"evals":[],"jsHooks":[]}</script><p><strong>Differences</strong></p>
<ul>
<li>Each figure represents a different Fill measurement plotted by watershed</li>
<li>Blue represents original values, pink new values. If they are identical, pink is hidden by blue</li>
</ul>
<p><img src="12_FES4_high_compare_report_flow_files/figure-html/unnamed-chunk-12-1.png" width="1440"></p>
</div>
<div id="compare-pit-stats" class="section level2">
<h2 class="hasAnchor">
<a href="#compare-pit-stats" class="anchor"></a>Compare pit stats</h2>
<p><strong>Original Pit data</strong></p>
<div id="htmlwidget-b5386f64a9e2461902f4" style="width:100%;height:auto;" class="datatables html-widget"></div>
<script type="application/json" data-for="htmlwidget-b5386f64a9e2461902f4">{"x":{"filter":"none","data":[["1","2","3","4","5","6","7","8","9","10","11","12","13","14","15","16","17","18","19","20","21","22","23","24","25","26"],[8,13,27,29,50,51,52,53,58,59,61,65,81,128,130,131,153,154,54,25,3,97,111,125,129,15],[230.914,232.9682,232.9292,232.8853,232.7193,232.3482,232.6692,232.5576,232.5576,232.5739,232.5583,232.5032,231.974,216.5975,216.5731,216.5731,205.1112,213.6041,232.5762,232.3482,232.042,217.954,216.7796,216.6389,213.5415,205.1112],[131,21,12,72,25,244,80,193,142,39,84,38,38,73,65,83,5460,242,303,2895,2082,2848,742,336,2464,415709],[4,1,3,19,1,15,3,13,65,4,17,5,18,29,10,39,32,6,8,17,550,94,1,2,31,439],[0.033,0.001,0.003,0.091,0,0.377,0.005,0.055,1.781,0.003,0.175,0.006,0.133,0.389,0.028,0.563,0.589,0.051,0.053,0.225,31.548,6.297,0,0.001,2.747,95.892],[230.9013,232.9677,232.9269,232.8754,232.7193,232.281,232.6672,232.5502,232.4898,232.5724,232.5388,232.5008,231.9573,216.57,216.5666,216.547,205.0681,213.5839,232.5634,232.3217,231.9761,217.8203,216.7795,216.6384,213.3686,204.5368],[0.25,0.02,0.28,1.26,0,1.54,0.06,0.29,12.55,0.09,2.08,0.15,3.51,5.33,0.43,6.78,0.11,0.21,0.17,0.08,15.15,2.21,0,0,1.11,0.23],[387375,434171,434205,434224,434369,434421,434355,434331,434309,434282,434294,433899,434023,377,1027,1018,98368,611,434274,428311,428312,239,952,362,6110,112424],[635,711,711,711,711,711,711,711,711,711,711,711,711,1,2,2,161,1,711,701,702,1,2,1,10,184],[1,361,395,414,559,611,545,521,499,472,484,89,213,377,416,407,608,611,464,611,1,239,341,362,611,611],[15,15,15,54,52,25,53,58,53,61,58,3,15,15,131,130,15,129,59,51,15,111,125,128,153,153],[230.914,232.9682,232.9289,232.8853,232.7193,232.3456,232.6692,232.5576,232.5573,232.5739,232.5583,232.5022,231.974,216.5911,216.5725,216.5731,205.1065,213.6035,232.5753,232.3482,232.0406,217.95,216.7796,216.6389,213.5415,205.1112],[637,711,709,709,711,705,711,711,711,710,711,709,708,5,2,2,165,5,711,706,702,6,2,1,15,164],[3,360,395,420,558,611,543,511,512,475,489,87,212,378,412,413,611,611,470,611,131,258,342,364,611,611],[636,711,710,709,711,706,711,711,711,711,711,710,709,4,2,1,164,4,711,705,702,6,2,1,14,165],[2,361,395,419,559,611,544,512,511,474,488,88,213,377,413,412,611,611,469,611,130,257,341,363,611,611],[388599,434170,432983,433008,434368,430755,434353,434321,434322,433674,434299,432675,432189,2822,1023,1024,100815,3055,434280,431366,428442,3313,953,364,9165,100204],[387987,434171,433594,433007,434369,431366,434354,434322,434321,434284,434298,433287,432801,2210,1024,412,100204,2444,434279,430755,428441,3312,952,363,8554,100815],[15,15,15,54,52,25,53,58,53,61,58,3,15,15,131,130,15,129,59,51,15,111,125,128,153,153],[8,13,27,29,50,51,52,53,58,59,61,65,81,128,130,131,153,154,54,25,3,97,111,125,129,15],[false,false,false,false,false,false,false,false,false,false,false,false,false,false,false,false,false,false,false,false,false,false,false,false,false,false],[true,true,true,true,true,true,true,true,true,true,true,true,true,true,true,true,true,true,true,true,true,true,true,true,true,true]],"container":"<table class=\"display\">\n  <thead>\n    <tr>\n      <th> <\/th>\n      <th>shedno<\/th>\n      <th>pour_elev<\/th>\n      <th>shed_area<\/th>\n      <th>pit_area<\/th>\n      <th>pit_vol<\/th>\n      <th>pit_elev<\/th>\n      <th>varatio<\/th>\n      <th>pit_seqno<\/th>\n      <th>pit_row<\/th>\n      <th>pit_col<\/th>\n      <th>drains_to<\/th>\n      <th>out_elev<\/th>\n      <th>out_row<\/th>\n      <th>out_col<\/th>\n      <th>in_row<\/th>\n      <th>in_col<\/th>\n      <th>out_seqno<\/th>\n      <th>in_seqno<\/th>\n      <th>next_pit<\/th>\n      <th>becomes<\/th>\n      <th>edge_pit<\/th>\n      <th>final<\/th>\n    <\/tr>\n  <\/thead>\n<\/table>","options":{"columnDefs":[{"className":"dt-right","targets":[1,2,3,4,5,6,7,8,9,10,11,12,13,14,15,16,17,18,19,20]},{"orderable":false,"targets":0}],"order":[],"autoWidth":false,"orderClasses":false}},"evals":[],"jsHooks":[]}</script><p><strong>New Pit data</strong></p>
<div id="htmlwidget-271dcb6502ac73d9d26a" style="width:100%;height:auto;" class="datatables html-widget"></div>
<script type="application/json" data-for="htmlwidget-271dcb6502ac73d9d26a">{"x":{"filter":"none","data":[["1","2","3","4","5","6","7","8","9","10","11","12","13","14","15","16","17","18","19","20","21","22","23","24","25"],[8,13,15,25,27,29,50,51,52,53,54,58,59,61,65,68,81,97,125,128,129,130,131,153,154],[230.91402,232.96819,205.11122,232.3482,232.92923,232.88526,232.71934,232.3482,232.6692,232.55762,232.57623,232.55762,232.5739,232.55835,232.50319,232.04201,231.97395,217.95403,216.63894,216.59747,213.54148,216.57311,216.57311,205.11122,213.60409],[131,21,415709,2895,12,72,25,244,80,193,303,142,39,84,38,2082,38,2848,1078,73,2464,65,83,5460,242],[6,2,448,18,3,21,1,15,3,13,8,65,5,18,5,550,18,94,2,29,33,10,42,32,6],[0.035,0.001,95.91,0.226,0.003,0.092,0,0.377,0.005,0.055,0.053,1.781,0.003,0.175,0.006,84.499,0.133,6.297,0.001,0.389,2.754,0.028,0.565,0.589,0.051],[230.90134,232.96774,204.53682,232.32171,232.92686,232.87539,232.71926,232.28098,232.66723,232.55022,232.56336,232.48982,232.5724,232.53876,232.50084,231.60529,231.9573,217.82033,216.63839,216.56996,213.36861,216.56661,216.54704,205.06809,213.58387],[0.27,0.03,0.23,0.08,0.28,1.27,0,1.54,0.06,0.29,0.17,12.55,0.09,2.09,0.15,40.59,3.51,2.21,0,5.33,1.12,0.43,6.81,0.11,0.21],[387375,434171,112424,428311,434205,434224,434369,434421,434355,434331,434274,434309,434282,434294,433899,428432,434023,239,362,377,6110,1027,1018,98368,611],[635,711,184,701,711,711,711,711,711,711,711,711,711,711,711,702,711,1,1,1,10,2,2,161,1],[1,361,611,611,395,414,559,611,545,521,464,499,472,484,89,121,213,239,362,377,611,416,407,608,611],[15,15,153,51,15,54,52,25,53,58,59,53,61,58,68,15,15,125,128,15,153,131,130,15,129],[230.91402,232.96819,205.11122,232.3482,232.92849,232.88526,232.71934,232.34563,232.6692,232.55762,232.57534,232.55726,232.5739,232.55835,232.5022,232.03945,231.97395,217.94996,216.63894,216.58978,213.54148,216.57197,216.57311,205.10646,213.60352],[637,711,164,706,709,709,711,705,711,711,711,711,710,711,709,701,708,6,1,5,15,1,2,165,5],[3,360,611,611,394,420,558,611,543,511,470,512,475,489,87,131,212,258,364,377,611,412,413,611,611],[636,711,165,705,710,709,711,706,711,711,711,711,710,711,710,702,709,6,1,4,14,2,1,164,4],[2,361,610,611,395,419,559,611,544,512,469,511,474,488,88,130,213,257,363,377,611,413,412,611,611],[388599,434170,100204,431366,432982,433008,434368,430755,434353,434321,434280,434322,433674,434299,432675,427831,432189,3313,364,2821,9165,412,1024,100815,3055],[387987,434171,100814,430755,433594,433007,434369,431366,434354,434322,434279,434321,433673,434298,433287,428441,432801,3312,363,2210,8554,1024,412,100204,2444],[15,15,153,51,15,54,52,25,53,58,59,53,61,58,68,15,15,125,128,15,153,131,130,15,129],[false,false,false,false,false,false,false,false,false,false,false,false,false,false,false,false,false,false,false,false,false,false,false,false,false],[8,13,15,25,27,29,50,51,52,53,54,58,59,61,65,68,81,97,125,128,129,130,131,153,154],[true,true,true,true,true,true,true,true,true,true,true,true,true,true,true,true,true,true,true,true,true,true,true,true,true]],"container":"<table class=\"display\">\n  <thead>\n    <tr>\n      <th> <\/th>\n      <th>shedno<\/th>\n      <th>pour_elev<\/th>\n      <th>shed_area<\/th>\n      <th>pit_area<\/th>\n      <th>pit_vol<\/th>\n      <th>pit_elev<\/th>\n      <th>varatio<\/th>\n      <th>pit_seqno<\/th>\n      <th>pit_row<\/th>\n      <th>pit_col<\/th>\n      <th>drains_to<\/th>\n      <th>out_elev<\/th>\n      <th>out_row<\/th>\n      <th>out_col<\/th>\n      <th>in_row<\/th>\n      <th>in_col<\/th>\n      <th>out_seqno<\/th>\n      <th>in_seqno<\/th>\n      <th>next_pit<\/th>\n      <th>edge_pit<\/th>\n      <th>becomes<\/th>\n      <th>final<\/th>\n    <\/tr>\n  <\/thead>\n<\/table>","options":{"columnDefs":[{"className":"dt-right","targets":[1,2,3,4,5,6,7,8,9,10,11,12,13,14,15,16,17,18,19,21]},{"orderable":false,"targets":0}],"order":[],"autoWidth":false,"orderClasses":false}},"evals":[],"jsHooks":[]}</script><p><strong>Differences</strong></p>
<ul>
<li>Each figure represents a different Pit measurement plotted by watershed</li>
<li>Blue represents original values, pink new values. If they are identical, pink is hidden by blue</li>
</ul>
<p><img src="12_FES4_high_compare_report_flow_files/figure-html/unnamed-chunk-15-1.png" width="1440"></p>
</div>
<div id="inverted-dem" class="section level2">
<h2 class="hasAnchor">
<a href="#inverted-dem" class="anchor"></a>Inverted DEM</h2>
<ul>
<li>Black dots indicate pits, or, as this is inverted, peaks</li>
<li>White dots indicate flow points</li>
</ul>
<p><img src="12_FES4_high_compare_report_flow_files/figure-html/unnamed-chunk-16-1.png" width="1440"></p>
</div>
<div id="compare-values" class="section level2">
<h2 class="hasAnchor">
<a href="#compare-values" class="anchor"></a>Compare values</h2>
<ul>
<li>Each figure reprsents a watershed measurement</li>
</ul>
<p><img src="12_FES4_high_compare_report_flow_files/figure-html/unnamed-chunk-17-1.png" width="1440"><img src="12_FES4_high_compare_report_flow_files/figure-html/unnamed-chunk-17-2.png" width="1440"><img src="12_FES4_high_compare_report_flow_files/figure-html/unnamed-chunk-17-3.png" width="1440"><img src="12_FES4_high_compare_report_flow_files/figure-html/unnamed-chunk-17-4.png" width="1440"></p>
<p><strong>Original Inverted Pit data</strong></p>
<div id="htmlwidget-074a516bcbbca863b569" style="width:100%;height:auto;" class="datatables html-widget"></div>
