<!DOCTYPE html>
<!-- Generated by pkgdown: do not edit by hand --><html lang="en">
<head>
<meta http-equiv="Content-Type" content="text/html; charset=UTF-8">
<meta charset="utf-8">
<meta http-equiv="X-UA-Compatible" content="IE=edge">
<meta name="viewport" content="width=device-width, initial-scale=1.0">
<title>Test Flow - BR3 (MaxArea = 100; MaxDepth = 0.1) • LITAP</title>
<!-- jquery --><script src="https://cdnjs.cloudflare.com/ajax/libs/jquery/3.4.1/jquery.min.js" integrity="sha256-CSXorXvZcTkaix6Yvo6HppcZGetbYMGWSFlBw8HfCJo=" crossorigin="anonymous"></script><!-- Bootstrap --><link rel="stylesheet" href="https://cdnjs.cloudflare.com/ajax/libs/twitter-bootstrap/3.4.1/css/bootstrap.min.css" integrity="sha256-bZLfwXAP04zRMK2BjiO8iu9pf4FbLqX6zitd+tIvLhE=" crossorigin="anonymous">
<script src="https://cdnjs.cloudflare.com/ajax/libs/twitter-bootstrap/3.4.1/js/bootstrap.min.js" integrity="sha256-nuL8/2cJ5NDSSwnKD8VqreErSWHtnEP9E7AySL+1ev4=" crossorigin="anonymous"></script><!-- bootstrap-toc --><link rel="stylesheet" href="../../bootstrap-toc.css">
<script src="../../bootstrap-toc.js"></script><!-- Font Awesome icons --><link rel="stylesheet" href="https://cdnjs.cloudflare.com/ajax/libs/font-awesome/5.12.1/css/all.min.css" integrity="sha256-mmgLkCYLUQbXn0B1SRqzHar6dCnv9oZFPEC1g1cwlkk=" crossorigin="anonymous">
<link rel="stylesheet" href="https://cdnjs.cloudflare.com/ajax/libs/font-awesome/5.12.1/css/v4-shims.min.css" integrity="sha256-wZjR52fzng1pJHwx4aV2AO3yyTOXrcDW7jBpJtTwVxw=" crossorigin="anonymous">
<!-- clipboard.js --><script src="https://cdnjs.cloudflare.com/ajax/libs/clipboard.js/2.0.6/clipboard.min.js" integrity="sha256-inc5kl9MA1hkeYUt+EC3BhlIgyp/2jDIyBLS6k3UxPI=" crossorigin="anonymous"></script><!-- headroom.js --><script src="https://cdnjs.cloudflare.com/ajax/libs/headroom/0.11.0/headroom.min.js" integrity="sha256-AsUX4SJE1+yuDu5+mAVzJbuYNPHj/WroHuZ8Ir/CkE0=" crossorigin="anonymous"></script><script src="https://cdnjs.cloudflare.com/ajax/libs/headroom/0.11.0/jQuery.headroom.min.js" integrity="sha256-ZX/yNShbjqsohH1k95liqY9Gd8uOiE1S4vZc+9KQ1K4=" crossorigin="anonymous"></script><!-- pkgdown --><link href="../../pkgdown.css" rel="stylesheet">
<script src="../../pkgdown.js"></script><meta property="og:title" content="Test Flow - BR3 (MaxArea = 100; MaxDepth = 0.1)">
<meta property="og:description" content="LITAP">
<!-- mathjax --><script src="https://cdnjs.cloudflare.com/ajax/libs/mathjax/2.7.5/MathJax.js" integrity="sha256-nvJJv9wWKEm88qvoQl9ekL2J+k/RWIsaSScxxlsrv8k=" crossorigin="anonymous"></script><script src="https://cdnjs.cloudflare.com/ajax/libs/mathjax/2.7.5/config/TeX-AMS-MML_HTMLorMML.js" integrity="sha256-84DKXVJXs0/F8OTMzX4UR909+jtl4G7SPypPavF+GfA=" crossorigin="anonymous"></script><!--[if lt IE 9]>
<script src="https://oss.maxcdn.com/html5shiv/3.7.3/html5shiv.min.js"></script>
<script src="https://oss.maxcdn.com/respond/1.4.2/respond.min.js"></script>
<![endif]-->
</head>
<body data-spy="scroll" data-target="#toc">
    <div class="container template-article">
      <header><div class="navbar navbar-default navbar-fixed-top" role="navigation">
  <div class="container">
    <div class="navbar-header">
      <button type="button" class="navbar-toggle collapsed" data-toggle="collapse" data-target="#navbar" aria-expanded="false">
        <span class="sr-only">Toggle navigation</span>
        <span class="icon-bar"></span>
        <span class="icon-bar"></span>
        <span class="icon-bar"></span>
      </button>
      <span class="navbar-brand">
        <a class="navbar-link" href="../../index.html">LITAP</a>
        <span class="version label label-default" data-toggle="tooltip" data-placement="bottom" title="Released version">0.5.0.9000</span>
      </span>
    </div>

    <div id="navbar" class="navbar-collapse collapse">
      <ul class="nav navbar-nav">
<li>
  <a href="../../index.html">
    <span class="fa fa-home"></span>
     
  </a>
</li>
<li>
  <a href="../../reference/index.html">Reference</a>
</li>
<li>
  <a href="../../articles/index.html">Articles</a>
</li>
<li>
  <a href="../../news/index.html">News</a>
</li>
      </ul>
<ul class="nav navbar-nav navbar-right">
<li>
  <a href="https://github.com/steffilazerte/LITAP">
    <span class="fa fa-github fa-lg"></span>
     
  </a>
</li>
      </ul>
</div>
<!--/.nav-collapse -->
  </div>
<!--/.container -->
</div>
<!--/.navbar -->

      

      </header><script src="BR3_compare_report_flow_files/header-attrs-2.11/header-attrs.js"></script><script src="BR3_compare_report_flow_files/htmlwidgets-1.5.4/htmlwidgets.js"></script><link href="BR3_compare_report_flow_files/datatables-css-0.0.0/datatables-crosstalk.css" rel="stylesheet">
<script src="BR3_compare_report_flow_files/datatables-binding-0.20/datatables.js"></script><script src="BR3_compare_report_flow_files/jquery-3.6.0/jquery-3.6.0.min.js"></script><link href="BR3_compare_report_flow_files/dt-core-1.11.3/css/jquery.dataTables.min.css" rel="stylesheet">
<link href="BR3_compare_report_flow_files/dt-core-1.11.3/css/jquery.dataTables.extra.css" rel="stylesheet">
<script src="BR3_compare_report_flow_files/dt-core-1.11.3/js/jquery.dataTables.min.js"></script><link href="BR3_compare_report_flow_files/crosstalk-1.2.0/css/crosstalk.min.css" rel="stylesheet">
<script src="BR3_compare_report_flow_files/crosstalk-1.2.0/js/crosstalk.min.js"></script><div class="row">
  <div class="col-md-9 contents">
    <div class="page-header toc-ignore">
      <h1 data-toc-skip>Test Flow - BR3 (MaxArea = 100; MaxDepth = 0.1)</h1>
                        <h4 class="author">Steffi LaZerte</h4>
            
            <h4 class="date">2021-12-02</h4>
      
      <small class="dont-index">Source: <a href="https://github.com/FRDC-SHL/LITAP/blob/master/vignettes/reports/BR3_compare_report_flow.Rmd"><code>vignettes/reports/BR3_compare_report_flow.Rmd</code></a></small>
      <div class="hidden name"><code>BR3_compare_report_flow.Rmd</code></div>

    </div>

    
    
<style>
.figure {
  max-width: 50%;
  margin: auto;
}
.table {
  width: auto;
  margin: auto;
}
</style>
<div id="details" class="section level1">
<h1 class="hasAnchor">
<a href="#details" class="anchor"></a>Details</h1>
<ul>
<li>0.61 min to run<br>
</li>
<li>/home/steffi/Projects/Business/LandmapR/Runs - FlowMapR/BR3 original FlowMapR output</li>
</ul>
<div id="original-dem-relief" class="section level4">
<h4 class="hasAnchor">
<a href="#original-dem-relief" class="anchor"></a>Original Dem (Relief)</h4>
<p><img src="BR3_compare_report_flow_files/figure-html/unnamed-chunk-2-1.png" width="1152"></p>
</div>
<div id="original-dem-elevation" class="section level4">
<h4 class="hasAnchor">
<a href="#original-dem-elevation" class="anchor"></a>Original Dem (Elevation)</h4>
<p><img src="BR3_compare_report_flow_files/figure-html/unnamed-chunk-3-1.png" width="1152"></p>
</div>
</div>
<div id="visual-comparison-of-sheds" class="section level1">
<h1 class="hasAnchor">
<a href="#visual-comparison-of-sheds" class="anchor"></a>Visual Comparison of Sheds</h1>
<div id="original-vs--new-local-shed-assignment" class="section level2">
<h2 class="hasAnchor">
<a href="#original-vs--new-local-shed-assignment" class="anchor"></a>Original vs. New Local Shed assignment</h2>
<ul>
<li>The first shed shows initial pits which are removed in the first step of pit removal (This doesn’t exist in the original program)</li>
<li>The next two are the local sheds (shedno) after amalgamating the small ones</li>
<li>Black dots are pit centres (final centres for Orig, local centres for New)</li>
<li>White outlines are Fill Pour Points for the local watersheds</li>
</ul>
<pre><code>## Warning: Removed 1 rows containing missing values (geom_text).

## Warning: Removed 1 rows containing missing values (geom_text).</code></pre>
<pre><code>## Warning: Removed 15561 rows containing missing values (geom_point).</code></pre>
<p><img src="BR3_compare_report_flow_files/figure-html/unnamed-chunk-4-1.png" width="1152"></p>
</div>
<div id="original-vs--new-fill-shed-assignment" class="section level2">
<h2 class="hasAnchor">
<a href="#original-vs--new-fill-shed-assignment" class="anchor"></a>Original vs. New Fill Shed assignment</h2>
<ul>
<li>These are the fill sheds, which reflect how sheds combined during the third pit removal process</li>
<li>Black dots are pit centres, white dots are Fill Pour Points for the final watersheds</li>
<li>Shapes should be identical to pond filling, just the numbers may be different</li>
</ul>
<pre><code>## Warning: Removed 1 rows containing missing values (geom_text).</code></pre>
<pre><code>## Warning: Removed 15561 rows containing missing values (geom_point).</code></pre>
<p><img src="BR3_compare_report_flow_files/figure-html/unnamed-chunk-5-1.png" width="1152"></p>
</div>
</div>
<div id="numeric-comparison" class="section level1">
<h1 class="hasAnchor">
<a href="#numeric-comparison" class="anchor"></a>Numeric Comparison</h1>
<div id="compare-dem-stats" class="section level2">
<h2 class="hasAnchor">
<a href="#compare-dem-stats" class="anchor"></a>Compare dem stats</h2>
<p><img src="BR3_compare_report_flow_files/figure-html/unnamed-chunk-6-1.png" width="1152"><img src="BR3_compare_report_flow_files/figure-html/unnamed-chunk-6-2.png" width="1152"><img src="BR3_compare_report_flow_files/figure-html/unnamed-chunk-6-3.png" width="1152"><img src="BR3_compare_report_flow_files/figure-html/unnamed-chunk-6-4.png" width="1152"><img src="BR3_compare_report_flow_files/figure-html/unnamed-chunk-6-5.png" width="1152"><img src="BR3_compare_report_flow_files/figure-html/unnamed-chunk-6-6.png" width="1152"><img src="BR3_compare_report_flow_files/figure-html/unnamed-chunk-6-7.png" width="1152"><img src="BR3_compare_report_flow_files/figure-html/unnamed-chunk-6-8.png" width="1152"></p>
</div>
<div id="compare-pond-stats" class="section level2">
<h2 class="hasAnchor">
<a href="#compare-pond-stats" class="anchor"></a>Compare pond stats</h2>
<p><strong>Original Pond data</strong></p>
<div id="htmlwidget-20adbeff988b27fbbc95" style="width:100%;height:auto;" class="datatables html-widget"></div>
<script type="application/json" data-for="htmlwidget-20adbeff988b27fbbc95">{"x":{"filter":"none","vertical":false,"data":[["1","2","3","4","5","6","7","8","9","10"],[1,2,3,4,5,6,7,8,9,10],[true,true,true,true,true,true,true,true,true,true],[true,true,true,true,true,true,true,true,true,true],[0,0,0,0,0,0,0,0,0,0],[3654,4384,8168,12630,2264,2701,2560,3721,212,74],[262,303,241,118,55,49,110,44,273,309],[4,2,6,9,8,7,9,6,3,8],[47245,54664,43446,21186,9782,8695,19738,7789,49235,55756],[128.6164,128.4925,128.6748,128.6883,128.174,128.1559,128.6995,128.1559,128.6368,128.5439],[128.6395,128.5529,128.6815,128.6996,128.1747,128.1626,128.6996,128.1626,128.6395,128.5529],[0,0,0,0,0,0,0,0,0,0],[0.385,0.978,0.045,0.064,0.001,0.021,0,0.016,0.004,0.032],[0.11,0.22,0.01,0.01,0,0.01,0,0,0.02,0.43],[40,39,12,14,2,5,1,5,3,8],[9,10,1,7,6,8,4,6,1,2],[9,10,1,7,6,8,4,6,1,2],[0,0,0,0,0,0,0,0,0,0],[false,false,false,false,false,false,false,false,false,false],[271,307,244,111,54,46,110,45,272,308],[4,5,6,9,8,7,9,7,4,6],[48874,55391,43989,19919,9601,8152,19738,7971,49055,55573],[128.6395,128.5525,128.6806,128.6996,128.1741,128.1623,128.6995,128.1626,128.6395,128.5529],[272,308,245,110,53,45,111,46,271,307],[4,6,6,9,8,7,9,7,4,5],[49055,55573,44170,19738,9420,7971,19919,8152,48874,55391],[128.6395,128.5529,128.6815,128.6995,128.1747,128.1626,128.6996,128.1623,128.6395,128.5525],[1,1,1,1,1,1,1,1,1,1],[false,false,false,true,false,false,false,false,false,false]],"container":"<table class=\"display\">\n  <thead>\n    <tr>\n      <th> <\/th>\n      <th>shedno<\/th>\n      <th>edge_pit<\/th>\n      <th>final<\/th>\n      <th>endpit<\/th>\n      <th>shed_area<\/th>\n      <th>pit_row<\/th>\n      <th>pit_col<\/th>\n      <th>pit_seqno<\/th>\n      <th>pit_elev<\/th>\n      <th>pour_elev<\/th>\n      <th>pre_vol<\/th>\n      <th>pit_vol<\/th>\n      <th>varatio<\/th>\n      <th>pit_area<\/th>\n      <th>drains_to<\/th>\n      <th>next_pit<\/th>\n      <th>becomes<\/th>\n      <th>removed<\/th>\n      <th>in_row<\/th>\n      <th>in_col<\/th>\n      <th>in_seqno<\/th>\n      <th>in_elev<\/th>\n      <th>out_row<\/th>\n      <th>out_col<\/th>\n      <th>out_seqno<\/th>\n      <th>out_elev<\/th>\n      <th>stage<\/th>\n      <th>visited<\/th>\n    <\/tr>\n  <\/thead>\n<\/table>","options":{"columnDefs":[{"className":"dt-right","targets":[1,4,5,6,7,8,9,10,11,12,13,14,15,16,17,19,20,21,22,23,24,25,26,27]},{"orderable":false,"targets":0}],"order":[],"autoWidth":false,"orderClasses":false}},"evals":[],"jsHooks":[]}</script><p><strong>New Pond data</strong></p>
<div id="htmlwidget-eff9fbcc0595478a6ae8" style="width:100%;height:auto;" class="datatables html-widget"></div>
<script type="application/json" data-for="htmlwidget-eff9fbcc0595478a6ae8">{"x":{"filter":"none","vertical":false,"data":[["1","2","3","4","5","6","7","8","9","10"],[8,6,5,2,10,1,9,3,4,7],[true,true,true,true,true,true,true,true,true,true],[true,true,true,true,true,true,true,true,true,true],[3721,2701,2264,4384,74,3654,212,8168,12630,2560],[44,49,55,303,309,262,273,241,118,110],[6,7,8,2,8,4,3,6,9,9],[7789,8695,9782,54664,55756,47245,49235,43446,21186,19738],[128.15591,128.15591,128.17401,128.49249,128.54388,128.61635,128.63678,128.67481,128.68827,128.69953],[128.16258,128.16258,128.17469,128.55293,128.55293,128.63953,128.63953,128.68147,128.69961,128.69961],[0,0,0,0,0,0,0,0,0,0],[0.0160199999999406,0.020689999999945,0.00129999999998631,0.978420000000142,0.0319300000000453,0.38485000000037,0.00427000000001954,0.0463799999998287,0.06410000000011,7.99999999969714e-05],[0.00430529427571638,0.00766012587928361,0.000574204946990421,0.22317974452558,0.431486486487099,0.105322933771311,0.0201415094340544,0.00567825661114455,0.00507521773555898,3.12499999988169e-05],[5,5,2,39,8,40,3,14,14,1],[6,8,6,10,2,9,1,1,7,4],[6,8,6,10,2,9,1,1,7,4],[45,46,54,307,308,271,272,244,111,110],[7,7,8,5,6,4,4,6,9,9],[7971,8152,9601,55391,55573,48874,49055,43989,19919,19738],[128.16258,128.16232,128.17407,128.55253,128.55293,128.63947,128.63953,128.68063,128.69961,128.69953],[46,45,53,308,307,272,271,245,110,111],[7,7,8,6,5,4,4,6,9,9],[8152,7971,9420,55573,55391,49055,48874,44170,19738,19919],[128.16232,128.16258,128.17469,128.55293,128.55253,128.63953,128.63947,128.68147,128.69953,128.69961]],"container":"<table class=\"display\">\n  <thead>\n    <tr>\n      <th> <\/th>\n      <th>shedno<\/th>\n      <th>edge_pit<\/th>\n      <th>final<\/th>\n      <th>shed_area<\/th>\n      <th>pit_row<\/th>\n      <th>pit_col<\/th>\n      <th>pit_seqno<\/th>\n      <th>pit_elev<\/th>\n      <th>pour_elev<\/th>\n      <th>pre_vol<\/th>\n      <th>pit_vol<\/th>\n      <th>varatio<\/th>\n      <th>pit_area<\/th>\n      <th>drains_to<\/th>\n      <th>next_pit<\/th>\n      <th>in_row<\/th>\n      <th>in_col<\/th>\n      <th>in_seqno<\/th>\n      <th>in_elev<\/th>\n      <th>out_row<\/th>\n      <th>out_col<\/th>\n      <th>out_seqno<\/th>\n      <th>out_elev<\/th>\n    <\/tr>\n  <\/thead>\n<\/table>","options":{"columnDefs":[{"className":"dt-right","targets":[1,4,5,6,7,8,9,10,11,12,13,14,15,16,17,18,19,20,21,22,23]},{"orderable":false,"targets":0}],"order":[],"autoWidth":false,"orderClasses":false}},"evals":[],"jsHooks":[]}</script><p><strong>Differences</strong></p>
<ul>
<li>Each figure represents a different Pond measurement plotted by watershed</li>
<li>Blue represents original values, pink new values. If they are identical, pink is hidden by blue</li>
</ul>
<pre><code>## Warning: Removed 50 rows containing missing values (geom_point).</code></pre>
<p><img src="BR3_compare_report_flow_files/figure-html/unnamed-chunk-9-1.png" width="1152"></p>
</div>
<div id="compare-fill-stats" class="section level2">
<h2 class="hasAnchor">
<a href="#compare-fill-stats" class="anchor"></a>Compare fill stats</h2>
<p><strong>Original Fill data</strong></p>
<div id="htmlwidget-8210684d6c4345b6c623" style="width:100%;height:auto;" class="datatables html-widget"></div>
<script type="application/json" data-for="htmlwidget-8210684d6c4345b6c623">{"x":{"filter":"none","vertical":false,"data":[["1","2","3","4","5","6","7","8","9","10"],[1,2,3,4,5,6,7,8,9,10],[true,true,true,true,true,true,true,true,true,true],[true,true,true,true,true,true,true,true,true,true],[1,2,3,4,5,6,7,8,9,10],[3654,4384,8168,12630,2264,2701,2560,3721,212,74],[262,303,241,118,55,49,110,44,273,309],[4,2,6,9,8,7,9,6,3,8],[47245,54664,43446,21186,9782,8695,19738,7789,49235,55756],[128.6164,128.4925,128.6748,128.6883,128.174,128.1559,128.6995,128.1559,128.6368,128.5439],[128.6395,128.5529,128.6815,128.6996,128.1747,128.1626,128.6996,128.1626,128.6395,128.5529],[0,0,0,0,0,0,0,0,0,0],[0.385,0.978,0.045,0.064,0.001,0.021,0,0.016,0.004,0.032],[0.11,0.22,0.01,0.01,0,0.01,0,0,0.02,0.43],[40,39,12,14,2,5,1,5,3,8],[9,10,1,7,6,8,4,6,1,2],[9,10,1,7,6,8,4,6,1,2],[1,2,3,4,5,6,7,8,9,10],[false,false,false,false,false,false,false,false,false,false],[271,307,244,111,54,46,110,45,272,308],[4,5,6,9,8,7,9,7,4,6],[48874,55391,43989,19919,9601,8152,19738,7971,49055,55573],[128.6395,128.5525,128.6806,128.6996,128.1741,128.1623,128.6995,128.1626,128.6395,128.5529],[272,308,245,110,53,45,111,46,271,307],[4,6,6,9,8,7,9,7,4,5],[49055,55573,44170,19738,9420,7971,19919,8152,48874,55391],[128.6395,128.5529,128.6815,128.6995,128.1747,128.1626,128.6996,128.1623,128.6395,128.5525],[1,1,1,1,1,1,1,1,1,1],[true,true,true,true,true,true,true,true,true,true]],"container":"<table class=\"display\">\n  <thead>\n    <tr>\n      <th> <\/th>\n      <th>shedno<\/th>\n      <th>edge_pit<\/th>\n      <th>final<\/th>\n      <th>endpit<\/th>\n      <th>shed_area<\/th>\n      <th>pit_row<\/th>\n      <th>pit_col<\/th>\n      <th>pit_seqno<\/th>\n      <th>pit_elev<\/th>\n      <th>pour_elev<\/th>\n      <th>pre_vol<\/th>\n      <th>pit_vol<\/th>\n      <th>varatio<\/th>\n      <th>pit_area<\/th>\n      <th>drains_to<\/th>\n      <th>next_pit<\/th>\n      <th>becomes<\/th>\n      <th>removed<\/th>\n      <th>in_row<\/th>\n      <th>in_col<\/th>\n      <th>in_seqno<\/th>\n      <th>in_elev<\/th>\n      <th>out_row<\/th>\n      <th>out_col<\/th>\n      <th>out_seqno<\/th>\n      <th>out_elev<\/th>\n      <th>stage<\/th>\n      <th>visited<\/th>\n    <\/tr>\n  <\/thead>\n<\/table>","options":{"columnDefs":[{"className":"dt-right","targets":[1,4,5,6,7,8,9,10,11,12,13,14,15,16,17,19,20,21,22,23,24,25,26,27]},{"orderable":false,"targets":0}],"order":[],"autoWidth":false,"orderClasses":false}},"evals":[],"jsHooks":[]}</script><p><strong>New Fill data</strong></p>
<div id="htmlwidget-c6eabe8778ad063982b9" style="width:100%;height:auto;" class="datatables html-widget"></div>
<script type="application/json" data-for="htmlwidget-c6eabe8778ad063982b9">{"x":{"filter":"none","vertical":false,"data":[["1","2","3","4","5","6","7","8","9","10"],[1,2,3,4,5,6,7,8,9,10],[true,true,true,true,true,true,true,true,true,true],[true,true,true,true,true,true,true,true,true,true],[1,2,3,4,5,6,7,8,9,10],[3654,4384,8168,12630,2264,2701,2560,3721,212,74],[262,303,241,118,55,49,110,44,273,309],[4,2,6,9,8,7,9,6,3,8],[47245,54664,43446,21186,9782,8695,19738,7789,49235,55756],[128.61635,128.49249,128.67481,128.68827,128.17401,128.15591,128.69953,128.15591,128.63678,128.54388],[128.63953,128.55293,128.68147,128.69961,128.17469,128.16258,128.69961,128.16258,128.63953,128.55293],[0,0,0,0,0,0,0,0,0,0],[0.38485000000037,0.978420000000142,0.0463799999998287,0.06410000000011,0.00129999999998631,0.020689999999945,7.99999999969714e-05,0.0160199999999406,0.00427000000001954,0.0319300000000453],[0.105322933771311,0.22317974452558,0.00567825661114455,0.00507521773555898,0.000574204946990421,0.00766012587928361,3.12499999988169e-05,0.00430529427571638,0.0201415094340544,0.431486486487099],[40,39,14,14,2,5,1,5,3,8],[9,10,1,7,6,8,4,6,1,2],[9,10,1,7,6,8,4,6,1,2],[271,307,244,111,54,46,110,45,272,308],[4,5,6,9,8,7,9,7,4,6],[48874,55391,43989,19919,9601,8152,19738,7971,49055,55573],[128.63947,128.55253,128.68063,128.69961,128.17407,128.16232,128.69953,128.16258,128.63953,128.55293],[272,308,245,110,53,45,111,46,271,307],[4,6,6,9,8,7,9,7,4,5],[49055,55573,44170,19738,9420,7971,19919,8152,48874,55391],[128.63953,128.55293,128.68147,128.69953,128.17469,128.16258,128.69961,128.16232,128.63947,128.55253]],"container":"<table class=\"display\">\n  <thead>\n    <tr>\n      <th> <\/th>\n      <th>shedno<\/th>\n      <th>edge_pit<\/th>\n      <th>final<\/th>\n      <th>end_pit<\/th>\n      <th>shed_area<\/th>\n      <th>pit_row<\/th>\n      <th>pit_col<\/th>\n      <th>pit_seqno<\/th>\n      <th>pit_elev<\/th>\n      <th>pour_elev<\/th>\n      <th>pre_vol<\/th>\n      <th>pit_vol<\/th>\n      <th>varatio<\/th>\n      <th>pit_area<\/th>\n      <th>drains_to<\/th>\n      <th>next_pit<\/th>\n      <th>in_row<\/th>\n      <th>in_col<\/th>\n      <th>in_seqno<\/th>\n      <th>in_elev<\/th>\n      <th>out_row<\/th>\n      <th>out_col<\/th>\n      <th>out_seqno<\/th>\n      <th>out_elev<\/th>\n    <\/tr>\n  <\/thead>\n<\/table>","options":{"columnDefs":[{"className":"dt-right","targets":[1,4,5,6,7,8,9,10,11,12,13,14,15,16,17,18,19,20,21,22,23,24]},{"orderable":false,"targets":0}],"order":[],"autoWidth":false,"orderClasses":false}},"evals":[],"jsHooks":[]}</script><p><strong>Differences</strong></p>
<ul>
<li>Each figure represents a different Fill measurement plotted by watershed</li>
<li>Blue represents original values, pink new values. If they are identical, pink is hidden by blue</li>
</ul>
<pre><code>## Warning: Removed 60 rows containing missing values (geom_point).</code></pre>
<p><img src="BR3_compare_report_flow_files/figure-html/unnamed-chunk-12-1.png" width="1152"></p>
</div>
<div id="compare-pit-stats" class="section level2">
<h2 class="hasAnchor">
<a href="#compare-pit-stats" class="anchor"></a>Compare pit stats</h2>
<p><strong>Original Pit data</strong></p>
<div id="htmlwidget-6737c1c6bbd40a1c3717" style="width:100%;height:auto;" class="datatables html-widget"></div>
<script type="application/json" data-for="htmlwidget-6737c1c6bbd40a1c3717">{"x":{"filter":"none","vertical":false,"data":[["1","2","3","4","5","6","7","8","9","10"],[1,2,3,4,5,6,7,8,9,10],[false,false,false,false,false,false,false,false,false,false],[true,true,true,true,true,true,true,true,true,true],[1,2,3,4,5,6,7,8,9,10],[3654,4384,8168,12630,2264,2701,2560,3721,212,74],[262,303,241,118,55,49,110,44,273,309],[4,2,6,9,8,7,9,6,3,8],[47245,54664,43446,21186,9782,8695,19738,7789,49235,55756],[128.6164,128.4925,128.6748,128.6883,128.174,128.1559,128.6995,128.1559,128.6368,128.5439],[128.6395,128.5529,128.6815,128.6996,128.1747,128.1626,128.6996,128.1626,128.6395,128.5529],[0,0,0,0,0,0,0,0,0,0],[0.385,0.978,0.045,0.064,0.001,0.021,0,0.016,0.004,0.032],[0.11,0.22,0.01,0.01,0,0.01,0,0,0.02,0.43],[40,39,12,14,2,5,1,5,3,8],[9,10,1,7,6,8,4,6,1,2],[9,10,1,7,6,8,4,6,1,2],[1,2,3,4,5,6,7,8,9,10],[false,false,false,false,false,false,false,false,false,false],[271,307,244,111,54,46,110,45,272,308],[4,5,6,9,8,7,9,7,4,6],[48874,55391,43989,19919,9601,8152,19738,7971,49055,55573],[128.6395,128.5525,128.6806,128.6996,128.1741,128.1623,128.6995,128.1626,128.6395,128.5529],[272,308,245,110,53,45,111,46,271,307],[4,6,6,9,8,7,9,7,4,5],[49055,55573,44170,19738,9420,7971,19919,8152,48874,55391],[128.6395,128.5529,128.6815,128.6995,128.1747,128.1626,128.6996,128.1623,128.6395,128.5525],[1,1,1,1,1,1,1,1,1,1],[true,true,true,true,true,true,true,true,true,true]],"container":"<table class=\"display\">\n  <thead>\n    <tr>\n      <th> <\/th>\n      <th>shedno<\/th>\n      <th>edge_pit<\/th>\n      <th>final<\/th>\n      <th>endpit<\/th>\n      <th>shed_area<\/th>\n      <th>pit_row<\/th>\n      <th>pit_col<\/th>\n      <th>pit_seqno<\/th>\n      <th>pit_elev<\/th>\n      <th>pour_elev<\/th>\n      <th>pre_vol<\/th>\n      <th>pit_vol<\/th>\n      <th>varatio<\/th>\n      <th>pit_area<\/th>\n      <th>drains_to<\/th>\n      <th>next_pit<\/th>\n      <th>becomes<\/th>\n      <th>removed<\/th>\n      <th>in_row<\/th>\n      <th>in_col<\/th>\n      <th>in_seqno<\/th>\n      <th>in_elev<\/th>\n      <th>out_row<\/th>\n      <th>out_col<\/th>\n      <th>out_seqno<\/th>\n      <th>out_elev<\/th>\n      <th>stage<\/th>\n      <th>visited<\/th>\n    <\/tr>\n  <\/thead>\n<\/table>","options":{"columnDefs":[{"className":"dt-right","targets":[1,4,5,6,7,8,9,10,11,12,13,14,15,16,17,19,20,21,22,23,24,25,26,27]},{"orderable":false,"targets":0}],"order":[],"autoWidth":false,"orderClasses":false}},"evals":[],"jsHooks":[]}</script><p><strong>New Pit data</strong></p>
<div id="htmlwidget-d03e6b539e6918b5abb2" style="width:100%;height:auto;" class="datatables html-widget"></div>
<script type="application/json" data-for="htmlwidget-d03e6b539e6918b5abb2">{"x":{"filter":"none","vertical":false,"data":[["1","2","3","4","5","6","7","8","9","10"],[1,2,3,4,5,6,7,8,9,10],[false,false,false,false,false,false,false,false,false,false],[true,true,true,true,true,true,true,true,true,true],[1,2,3,4,5,6,7,8,9,10],[3654,4384,8168,12630,2264,2701,2560,3721,212,74],[262,303,241,118,55,49,110,44,273,309],[4,2,6,9,8,7,9,6,3,8],[47245,54664,43446,21186,9782,8695,19738,7789,49235,55756],[128.61635,128.49249,128.67481,128.68827,128.17401,128.15591,128.69953,128.15591,128.63678,128.54388],[128.63953,128.55293,128.68147,128.69961,128.17469,128.16258,128.69961,128.16258,128.63953,128.55293],[0,0,0,0,0,0,0,0,0,0],[0.38485000000037,0.978420000000142,0.0463799999998287,0.06410000000011,0.00129999999998631,0.020689999999945,7.99999999969714e-05,0.0160199999999406,0.00427000000001954,0.0319300000000453],[0.105322933771311,0.22317974452558,0.00567825661114455,0.00507521773555898,0.000574204946990421,0.00766012587928361,3.12499999988169e-05,0.00430529427571638,0.0201415094340544,0.431486486487099],[40,39,14,14,2,5,1,5,3,8],[9,10,1,7,6,8,4,6,1,2],[9,10,1,7,6,8,4,6,1,2],[271,307,244,111,54,46,110,45,272,308],[4,5,6,9,8,7,9,7,4,6],[48874,55391,43989,19919,9601,8152,19738,7971,49055,55573],[128.63947,128.55253,128.68063,128.69961,128.17407,128.16232,128.69953,128.16258,128.63953,128.55293],[272,308,245,110,53,45,111,46,271,307],[4,6,6,9,8,7,9,7,4,5],[49055,55573,44170,19738,9420,7971,19919,8152,48874,55391],[128.63953,128.55293,128.68147,128.69953,128.17469,128.16258,128.69961,128.16232,128.63947,128.55253]],"container":"<table class=\"display\">\n  <thead>\n    <tr>\n      <th> <\/th>\n      <th>shedno<\/th>\n      <th>edge_pit<\/th>\n      <th>final<\/th>\n      <th>end_pit<\/th>\n      <th>shed_area<\/th>\n      <th>pit_row<\/th>\n      <th>pit_col<\/th>\n      <th>pit_seqno<\/th>\n      <th>pit_elev<\/th>\n      <th>pour_elev<\/th>\n      <th>pre_vol<\/th>\n      <th>pit_vol<\/th>\n      <th>varatio<\/th>\n      <th>pit_area<\/th>\n      <th>drains_to<\/th>\n      <th>next_pit<\/th>\n      <th>in_row<\/th>\n      <th>in_col<\/th>\n      <th>in_seqno<\/th>\n      <th>in_elev<\/th>\n      <th>out_row<\/th>\n      <th>out_col<\/th>\n      <th>out_seqno<\/th>\n      <th>out_elev<\/th>\n    <\/tr>\n  <\/thead>\n<\/table>","options":{"columnDefs":[{"className":"dt-right","targets":[1,4,5,6,7,8,9,10,11,12,13,14,15,16,17,18,19,20,21,22,23,24]},{"orderable":false,"targets":0}],"order":[],"autoWidth":false,"orderClasses":false}},"evals":[],"jsHooks":[]}</script><p><strong>Differences</strong></p>
<ul>
<li>Each figure represents a different Pit measurement plotted by watershed</li>
<li>Blue represents original values, pink new values. If they are identical, pink is hidden by blue</li>
</ul>
<pre><code>## Warning: Removed 60 rows containing missing values (geom_point).</code></pre>
<p><img src="BR3_compare_report_flow_files/figure-html/unnamed-chunk-15-1.png" width="1152"></p>
</div>
</div>
<div id="inverted-dem" class="section level1">
<h1 class="hasAnchor">
<a href="#inverted-dem" class="anchor"></a>Inverted DEM</h1>
<ul>
<li>Black dots indicate pits, or, as this is inverted, peaks</li>
<li>White dots indicate flow points</li>
</ul>
<pre><code>## Warning: Removed 1 rows containing missing values (geom_text).

## Warning: Removed 1 rows containing missing values (geom_text).</code></pre>
<pre><code>## Warning: Removed 15561 rows containing missing values (geom_point).</code></pre>
<p><img src="BR3_compare_report_flow_files/figure-html/unnamed-chunk-16-1.png" width="1152"></p>
<div id="compare-values" class="section level2">
<h2 class="hasAnchor">
<a href="#compare-values" class="anchor"></a>Compare values</h2>
<ul>
<li>Each figure represents a watershed measurement</li>
</ul>
<p><img src="BR3_compare_report_flow_files/figure-html/unnamed-chunk-17-1.png" width="1152"><img src="BR3_compare_report_flow_files/figure-html/unnamed-chunk-17-2.png" width="1152"><img src="BR3_compare_report_flow_files/figure-html/unnamed-chunk-17-3.png" width="1152"><img src="BR3_compare_report_flow_files/figure-html/unnamed-chunk-17-4.png" width="1152"><img src="BR3_compare_report_flow_files/figure-html/unnamed-chunk-17-5.png" width="1152"></p>
<p><strong>Original Inverted Pit data</strong></p>
<div id="htmlwidget-a8ace22acea28fabf4ba" style="width:100%;height:auto;" class="datatables html-widget"></div>
<script type="application/json" data-for="htmlwidget-a8ace22acea28fabf4ba">{"x":{"filter":"none","vertical":false,"data":[["1","2","3","4","5","6","7","8","9","10"],[1,2,3,4,5,6,7,8,9,10],[false,false,false,false,false,false,false,false,false,false],[true,true,true,true,true,true,true,true,true,true],[1,2,3,4,5,6,7,8,9,10],[3654,4384,8168,12630,2264,2701,2560,3721,212,74],[262,303,241,118,55,49,110,44,273,309],[4,2,6,9,8,7,9,6,3,8],[47245,54664,43446,21186,9782,8695,19738,7789,49235,55756],[128.6164,128.4925,128.6748,128.6883,128.174,128.1559,128.6995,128.1559,128.6368,128.5439],[128.6395,128.5529,128.6815,128.6996,128.1747,128.1626,128.6996,128.1626,128.6395,128.5529],[0,0,0,0,0,0,0,0,0,0],[0.385,0.978,0.045,0.064,0.001,0.021,0,0.016,0.004,0.032],[0.11,0.22,0.01,0.01,0,0.01,0,0,0.02,0.43],[40,39,12,14,2,5,1,5,3,8],[9,10,1,7,6,8,4,6,1,2],[9,10,1,7,6,8,4,6,1,2],[1,2,3,4,5,6,7,8,9,10],[false,false,false,false,false,false,false,false,false,false],[271,307,244,111,54,46,110,45,272,308],[4,5,6,9,8,7,9,7,4,6],[48874,55391,43989,19919,9601,8152,19738,7971,49055,55573],[128.6395,128.5525,128.6806,128.6996,128.1741,128.1623,128.6995,128.1626,128.6395,128.5529],[272,308,245,110,53,45,111,46,271,307],[4,6,6,9,8,7,9,7,4,5],[49055,55573,44170,19738,9420,7971,19919,8152,48874,55391],[128.6395,128.5529,128.6815,128.6995,128.1747,128.1626,128.6996,128.1623,128.6395,128.5525],[1,1,1,1,1,1,1,1,1,1],[true,true,true,true,true,true,true,true,true,true]],"container":"<table class=\"display\">\n  <thead>\n    <tr>\n      <th> <\/th>\n      <th>shedno<\/th>\n      <th>edge_pit<\/th>\n      <th>final<\/th>\n      <th>endpit<\/th>\n      <th>shed_area<\/th>\n      <th>pit_row<\/th>\n      <th>pit_col<\/th>\n      <th>pit_seqno<\/th>\n      <th>pit_elev<\/th>\n      <th>pour_elev<\/th>\n      <th>pre_vol<\/th>\n      <th>pit_vol<\/th>\n      <th>varatio<\/th>\n      <th>pit_area<\/th>\n      <th>drains_to<\/th>\n      <th>next_pit<\/th>\n      <th>becomes<\/th>\n      <th>removed<\/th>\n      <th>in_row<\/th>\n      <th>in_col<\/th>\n      <th>in_seqno<\/th>\n      <th>in_elev<\/th>\n      <th>out_row<\/th>\n      <th>out_col<\/th>\n      <th>out_seqno<\/th>\n      <th>out_elev<\/th>\n      <th>stage<\/th>\n      <th>visited<\/th>\n    <\/tr>\n  <\/thead>\n<\/table>","options":{"columnDefs":[{"className":"dt-right","targets":[1,4,5,6,7,8,9,10,11,12,13,14,15,16,17,19,20,21,22,23,24,25,26,27]},{"orderable":false,"targets":0}],"order":[],"autoWidth":false,"orderClasses":false}},"evals":[],"jsHooks":[]}</script><p><strong>New Inverted Pit data</strong></p>
<div id="htmlwidget-af9ddc7534db663fa663" style="width:100%;height:auto;" class="datatables html-widget"></div>
<script type="application/json" data-for="htmlwidget-af9ddc7534db663fa663">{"x":{"filter":"none","vertical":false,"data":[["1","2","3","4","5","6","7","8","9","10"],[1,2,3,4,5,6,7,8,9,10],[false,false,false,false,false,false,false,false,false,false],[true,true,true,true,true,true,true,true,true,true],[1,2,3,4,5,6,7,8,9,10],[3654,4384,8168,12630,2264,2701,2560,3721,212,74],[262,303,241,118,55,49,110,44,273,309],[4,2,6,9,8,7,9,6,3,8],[47245,54664,43446,21186,9782,8695,19738,7789,49235,55756],[128.61635,128.49249,128.67481,128.68827,128.17401,128.15591,128.69953,128.15591,128.63678,128.54388],[128.63953,128.55293,128.68147,128.69961,128.17469,128.16258,128.69961,128.16258,128.63953,128.55293],[0,0,0,0,0,0,0,0,0,0],[0.38485000000037,0.978420000000142,0.0463799999998287,0.06410000000011,0.00129999999998631,0.020689999999945,7.99999999969714e-05,0.0160199999999406,0.00427000000001954,0.0319300000000453],[0.105322933771311,0.22317974452558,0.00567825661114455,0.00507521773555898,0.000574204946990421,0.00766012587928361,3.12499999988169e-05,0.00430529427571638,0.0201415094340544,0.431486486487099],[40,39,14,14,2,5,1,5,3,8],[9,10,1,7,6,8,4,6,1,2],[9,10,1,7,6,8,4,6,1,2],[271,307,244,111,54,46,110,45,272,308],[4,5,6,9,8,7,9,7,4,6],[48874,55391,43989,19919,9601,8152,19738,7971,49055,55573],[128.63947,128.55253,128.68063,128.69961,128.17407,128.16232,128.69953,128.16258,128.63953,128.55293],[272,308,245,110,53,45,111,46,271,307],[4,6,6,9,8,7,9,7,4,5],[49055,55573,44170,19738,9420,7971,19919,8152,48874,55391],[128.63953,128.55293,128.68147,128.69953,128.17469,128.16258,128.69961,128.16232,128.63947,128.55253]],"container":"<table class=\"display\">\n  <thead>\n    <tr>\n      <th> <\/th>\n      <th>shedno<\/th>\n      <th>edge_pit<\/th>\n      <th>final<\/th>\n      <th>end_pit<\/th>\n      <th>shed_area<\/th>\n      <th>pit_row<\/th>\n      <th>pit_col<\/th>\n      <th>pit_seqno<\/th>\n      <th>pit_elev<\/th>\n      <th>pour_elev<\/th>\n      <th>pre_vol<\/th>\n      <th>pit_vol<\/th>\n      <th>varatio<\/th>\n      <th>pit_area<\/th>\n      <th>drains_to<\/th>\n      <th>next_pit<\/th>\n      <th>in_row<\/th>\n      <th>in_col<\/th>\n      <th>in_seqno<\/th>\n      <th>in_elev<\/th>\n      <th>out_row<\/th>\n      <th>out_col<\/th>\n      <th>out_seqno<\/th>\n      <th>out_elev<\/th>\n    <\/tr>\n  <\/thead>\n<\/table>","options":{"columnDefs":[{"className":"dt-right","targets":[1,4,5,6,7,8,9,10,11,12,13,14,15,16,17,18,19,20,21,22,23,24]},{"orderable":false,"targets":0}],"order":[],"autoWidth":false,"orderClasses":false}},"evals":[],"jsHooks":[]}</script><p><strong>Differences</strong></p>
<ul>
<li>Each figure represents a different Inverted Pit measurement plotted by watershed</li>
<li>Blue represents original values, pink new values. If they are identical, pink is hidden by blue</li>
</ul>
<pre><code>## Warning: Removed 49 rows containing missing values (geom_point).</code></pre>
<p><img src="BR3_compare_report_flow_files/figure-html/unnamed-chunk-20-1.png" width="1152"></p>
</div>
</div>
  </div>

  <div class="col-md-3 hidden-xs hidden-sm" id="pkgdown-sidebar">

        <nav id="toc" data-toggle="toc"><h2 data-toc-skip>Contents</h2>
    </nav>
</div>

</div>



      <footer><div class="copyright">
  <p>Developed by Steffi LaZerte, Sheng Li, Agriculture and Agri-Food Canada.</p>
</div>

<div class="pkgdown">
  <p>Site built with <a href="https://pkgdown.r-lib.org/">pkgdown</a> 1.6.1.</p>
</div>

      </footer>
</div>

  


  </body>
</html>
